*************************************** INFO ***************************************
Filename: Banana3DMasood1907191532
Date: Fri Jul 19 15:32:43 2019
Task: Banana
Participant: Masood
************************************** FORMAT **************************************
mode
motion force command [linear_x linear_y linear_z angular_x angular_y angular_z]
gripper force command [open/close]
current pose [x y z theta_x theta_y theta_z]
current joint angles [j1 j2 j3 j4 j5 j6 j7]
************************************************************************************
0
0 0 0 0 0 0 
0
0.572007 0.0102715 0.431915 90.1698 0.00170492 90.0032
358.549 14.6905 179.592 229.187 357.759 55.3572 91.3736 

0
0 0 0 0 0 0 
0
0.572007 0.0102715 0.431915 90.1698 0.00170492 90.0032
358.549 14.6905 179.592 229.187 357.759 55.3572 91.3736 

0
0 0 0 0 0 0 
0
0.572007 0.0102715 0.431915 90.1698 0.00170492 90.0032
358.549 14.6905 179.592 229.187 357.759 55.3572 91.3736 

0
0 0 0 0 0 0 
0
0.572007 0.0102715 0.431915 90.1698 0.00170492 90.0032
358.549 14.6905 179.592 229.187 357.759 55.3572 91.3736 

0
0 0 0 0 0 0 
0
0.572007 0.0102715 0.431915 90.1698 0.00170492 90.0032
358.549 14.6905 179.592 229.187 357.759 55.3572 91.3736 

0
0 0 0 0 0 0 
0
0.572007 0.0102715 0.431915 90.1698 0.00170492 90.0032
358.549 14.6905 179.592 229.187 357.759 55.3572 91.3736 

0
0 0 0 0 0 0 
0
0.572007 0.0102715 0.431915 90.1698 0.00170492 90.0032
358.549 14.6905 179.592 229.187 357.759 55.3572 91.3736 

0
0 0 0 0 0 0 
0
0.572007 0.0102715 0.431915 90.1698 0.00170492 90.0032
358.549 14.6905 179.592 229.187 357.759 55.3572 91.3736 

0
0 0 0 0 0 0 
0
0.572007 0.0102715 0.431915 90.1698 0.00170492 90.0032
358.549 14.6905 179.592 229.187 357.759 55.3572 91.3736 

0
0 0 0 0 0 0 
0
0.572007 0.0102715 0.431915 90.1698 0.00170492 90.0032
358.549 14.6905 179.592 229.187 357.759 55.3572 91.3736 

0
0 0 0 0 0 0 
0
0.572007 0.0102715 0.431915 90.1698 0.00170492 90.0032
358.549 14.6905 179.592 229.187 357.759 55.3572 91.3736 

0
0 0 0 0 0 0 
0
0.572007 0.0102715 0.431915 90.1698 0.00170492 90.0032
358.549 14.6905 179.592 229.187 357.759 55.3572 91.3736 

0
0 0 0 0 0 0 
0
0.572007 0.0102715 0.431915 90.1698 0.00170492 90.0032
358.549 14.6905 179.592 229.187 357.759 55.3572 91.3736 

0
0 0 0 0 0 0 
0
0.572007 0.0102715 0.431915 90.1698 0.00170492 90.0032
358.549 14.6905 179.592 229.187 357.759 55.3572 91.3736 

0
0 0 0 0 0 0 
0
0.572007 0.0102715 0.431915 90.1698 0.00170492 90.0032
358.549 14.6905 179.592 229.187 357.759 55.3572 91.3736 

0
0 0 0 0 0 0 
0
0.572007 0.0102715 0.431915 90.1698 0.00170492 90.0032
358.549 14.6905 179.592 229.187 357.759 55.3572 91.3736 

0
0 0 0 0 0 0 
0
0.572007 0.0102715 0.431915 90.1698 0.00170492 90.0032
358.549 14.6905 179.592 229.187 357.759 55.3572 91.3736 

0
0 0 0 0 0 0 
0
0.572007 0.0102715 0.431915 90.1698 0.00170492 90.0032
358.549 14.6905 179.592 229.187 357.759 55.3572 91.3736 

0
0 0 0 0 0 0 
0
0.572007 0.0102715 0.431915 90.1698 0.00170492 90.0032
358.549 14.6905 179.592 229.187 357.759 55.3572 91.3736 

0
0 0 0 0 0 0 
0
0.572007 0.0102715 0.431915 90.1698 0.00170492 90.0032
358.549 14.6905 179.592 229.187 357.759 55.3572 91.3736 

0
0 0 0 0 0 0 
0
0.572007 0.0102715 0.431915 90.1698 0.00170492 90.0032
358.549 14.6905 179.592 229.187 357.759 55.3572 91.3736 

0
0 0 0 0 0 0 
0
0.572007 0.0102715 0.431915 90.1698 0.00170492 90.0032
358.549 14.6905 179.592 229.187 357.759 55.3572 91.3736 

0
0 0 0 0 0 0 
0
0.572007 0.0102715 0.431915 90.1698 0.00170492 90.0032
358.549 14.6905 179.592 229.187 357.759 55.3572 91.3736 

0
0 0 0 0 0 0 
0
0.572007 0.0102715 0.431915 90.1698 0.00170492 90.0032
358.549 14.6905 179.592 229.187 357.759 55.3572 91.3736 

0
0 0 0 0 0 0 
0
0.572007 0.0102715 0.431915 90.1698 0.00170492 90.0032
358.549 14.6905 179.592 229.187 357.759 55.3572 91.3736 

0
0 0 0 0 0 0 
0
0.572007 0.0102715 0.431915 90.1698 0.00170492 90.0032
358.549 14.6905 179.592 229.187 357.759 55.3572 91.3736 

0
0 0 0 0 0 0 
0
0.572007 0.0102715 0.431915 90.1698 0.00170492 90.0032
358.549 14.6905 179.592 229.187 357.759 55.3572 91.3736 

0
0 0 0 0 0 0 
0
0.572007 0.0102715 0.431915 90.1698 0.00170492 90.0032
358.549 14.6905 179.592 229.187 357.759 55.3572 91.3736 

0
0 0 0 0 0 0 
0
0.572007 0.0102715 0.431915 90.1698 0.00170492 90.0032
358.549 14.6905 179.592 229.187 357.759 55.3572 91.3736 

0
0 0 0 0 0 0 
0
0.572007 0.0102715 0.431915 90.1698 0.00170492 90.0032
358.549 14.6905 179.592 229.187 357.759 55.3572 91.3736 

0
0 0 0 0 0 0 
0
0.572007 0.0102715 0.431915 90.1698 0.00170492 90.0032
358.549 14.6905 179.592 229.187 357.759 55.3572 91.3736 

0
0 0 0 0 0 0 
0
0.572007 0.0102715 0.431915 90.1698 0.00170492 90.0032
358.549 14.6905 179.592 229.187 357.759 55.3572 91.3736 

0
0 0 0 0 0 0 
0
0.572007 0.0102715 0.431915 90.1698 0.00170492 90.0032
358.549 14.6905 179.592 229.187 357.759 55.3572 91.3736 

0
0 0 0 0 0 0 
0
0.572007 0.0102715 0.431915 90.1698 0.00170492 90.0032
358.549 14.6905 179.592 229.187 357.759 55.3572 91.3736 

0
0 0 0 0 0 0 
0
0.572007 0.0102715 0.431915 90.1698 0.00170492 90.0032
358.549 14.6905 179.592 229.187 357.759 55.3572 91.3736 

0
0 0 0 0 0 0 
0
0.572007 0.0102715 0.431915 90.1698 0.00170492 90.0032
358.549 14.6905 179.592 229.187 357.759 55.3572 91.3736 

0
0 0 0 0 0 0 
0
0.572007 0.0102715 0.431915 90.1698 0.00170492 90.0032
358.549 14.6905 179.592 229.187 357.759 55.3572 91.3736 

0
0 0 0 0 0 0 
0
0.572007 0.0102715 0.431915 90.1698 0.00170492 90.0032
358.549 14.6905 179.592 229.187 357.759 55.3572 91.3736 

0
0 0 0 0 0 0 
0
0.572007 0.0102715 0.431915 90.1698 0.00170492 90.0032
358.549 14.6905 179.592 229.187 357.759 55.3572 91.3736 

0
0 0 0 0 0 0 
0
0.572007 0.0102715 0.431915 90.1698 0.00170492 90.0032
358.549 14.6905 179.592 229.187 357.759 55.3572 91.3736 

0
0 0 0 0 0 0 
0
0.572007 0.0102715 0.431915 90.1698 0.00170492 90.0032
358.549 14.6905 179.592 229.187 357.759 55.3572 91.3736 

0
0 0 0 0 0 0 
0
0.572007 0.0102715 0.431915 90.1698 0.00170492 90.0032
358.549 14.6905 179.592 229.187 357.759 55.3572 91.3736 

0
0 0 0 0 0 0 
0
0.572007 0.0102715 0.431915 90.1698 0.00170492 90.0032
358.549 14.6905 179.592 229.187 357.759 55.3572 91.3736 

0
0 0 0 0 0 0 
0
0.572007 0.0102715 0.431915 90.1698 0.00170492 90.0032
358.549 14.6905 179.592 229.187 357.759 55.3572 91.3736 

0
0 0 0 0 0 0 
0
0.572007 0.0102715 0.431915 90.1698 0.00170492 90.0032
358.549 14.6905 179.592 229.187 357.759 55.3572 91.3736 

0
0 0 0 0 0 0 
0
0.572007 0.0102715 0.431915 90.1698 0.00170492 90.0032
358.549 14.6905 179.592 229.187 357.759 55.3572 91.3736 

0
0 0 0 0 0 0 
0
0.572007 0.0102715 0.431915 90.1698 0.00170492 90.0032
358.549 14.6905 179.592 229.187 357.759 55.3572 91.3736 

0
0 0 0 0 0 0 
0
0.572007 0.0102715 0.431915 90.1698 0.00170492 90.0032
358.549 14.6905 179.592 229.187 357.759 55.3572 91.3736 

0
0 0 0 0 0 0 
0
0.572007 0.0102715 0.431915 90.1698 0.00170492 90.0032
358.549 14.6905 179.592 229.187 357.759 55.3572 91.3736 

0
0 0 0 0 0 0 
0
0.572007 0.0102715 0.431915 90.1698 0.00170492 90.0032
358.549 14.6905 179.592 229.187 357.759 55.3572 91.3736 

0
0 0 0 0 0 0 
0
0.572007 0.0102715 0.431915 90.1698 0.00170492 90.0032
358.549 14.6905 179.592 229.187 357.759 55.3572 91.3736 

0
0 0 0 0 0 0 
0
0.572007 0.0102715 0.431915 90.1698 0.00170492 90.0032
358.549 14.6905 179.592 229.187 357.759 55.3572 91.3736 

0
0 0 0 0 0 0 
0
0.572007 0.0102715 0.431915 90.1698 0.00170492 90.0032
358.549 14.6905 179.592 229.187 357.759 55.3572 91.3736 

0
0 0 0 0 0 0 
0
0.572007 0.0102715 0.431915 90.1698 0.00170492 90.0032
358.549 14.6905 179.592 229.187 357.759 55.3572 91.3736 

0
0 0 0 0 0 0 
0
0.572007 0.0102715 0.431915 90.1698 0.00170492 90.0032
358.549 14.6905 179.592 229.187 357.759 55.3572 91.3736 

0
0 0 0 0 0 0 
0
0.572007 0.0102715 0.431915 90.1698 0.00170492 90.0032
358.549 14.6905 179.592 229.187 357.759 55.3572 91.3736 

0
0 0 0 0 0 0 
0
0.572007 0.0102715 0.431915 90.1698 0.00170492 90.0032
358.549 14.6905 179.592 229.187 357.759 55.3572 91.3736 

0
0 0 0 0 0 0 
0
0.572007 0.0102715 0.431915 90.1698 0.00170492 90.0032
358.549 14.6905 179.592 229.187 357.759 55.3572 91.3736 

0
0 0 0 0 0 0 
0
0.572007 0.0102715 0.431915 90.1698 0.00170492 90.0032
358.549 14.6905 179.592 229.187 357.759 55.3572 91.3736 

0
0 0 0 0 0 0 
0
0.572007 0.0102715 0.431915 90.1698 0.00170492 90.0032
358.549 14.6905 179.592 229.187 357.759 55.3572 91.3736 

0
0 0 0 0 0 0 
0
0.572007 0.0102715 0.431915 90.1698 0.00170492 90.0032
358.549 14.6905 179.592 229.187 357.759 55.3572 91.3736 

0
0 0 0 0 0 0 
0
0.572007 0.0102715 0.431915 90.1698 0.00170492 90.0032
358.549 14.6905 179.592 229.187 357.759 55.3572 91.3736 

0
0 0 0 0 0 0 
0
0.572007 0.0102715 0.431915 90.1698 0.00170492 90.0032
358.549 14.6905 179.592 229.187 357.759 55.3572 91.3736 

0
0 0 0 0 0 0 
0
0.572007 0.0102715 0.431915 90.1698 0.00170492 90.0032
358.549 14.6905 179.592 229.187 357.759 55.3572 91.3736 

0
0 0 0 0 0 0 
0
0.572007 0.0102715 0.431915 90.1698 0.00170492 90.0032
358.549 14.6905 179.592 229.187 357.759 55.3572 91.3736 

0
0 0 0 0 0 0 
0
0.572007 0.0102715 0.431915 90.1698 0.00170492 90.0032
358.549 14.6905 179.592 229.187 357.759 55.3572 91.3736 

0
0 0 0 0 0 0 
0
0.572007 0.0102715 0.431915 90.1698 0.00170492 90.0032
358.549 14.6905 179.592 229.187 357.759 55.3572 91.3736 

0
0 0 0 0 0 0 
0
0.572007 0.0102715 0.431915 90.1698 0.00170492 90.0032
358.549 14.6905 179.592 229.187 357.759 55.3572 91.3736 

0
0 0 0 0 0 0 
0
0.572007 0.0102715 0.431915 90.1698 0.00170492 90.0032
358.549 14.6905 179.592 229.187 357.759 55.3572 91.3736 

0
0 0 0 0 0 0 
0
0.572007 0.0102715 0.431915 90.1698 0.00170492 90.0032
358.549 14.6905 179.592 229.187 357.759 55.3572 91.3736 

0
0 0 0 0 0 0 
0
0.572007 0.0102715 0.431915 90.1698 0.00170492 90.0032
TOTAL MODE SWITCHES: 0
358.549 14.6905 179.592 229.187 357.759 55.3572 91.3736 

