*************************************** INFO ***************************************
Filename: Banana3DMasood1907191541
Date: Fri Jul 19 15:41:38 2019
Task: Banana
Participant: Masood
************************************** FORMAT **************************************
mode
motion force command [linear_x linear_y linear_z angular_x angular_y angular_z]
gripper force command [open/close]
current pose [x y z theta_x theta_y theta_z]
current joint angles [j1 j2 j3 j4 j5 j6 j7]
************************************************************************************
0
0 0 0 0 0 0 
0
0.572006 0.0102715 0.431914 90.17 0.00171015 90.0032
358.549 14.6905 179.592 229.187 357.759 55.3572 91.3736 

0
0 0 0 0 0 0 
0
0.572006 0.0102715 0.431914 90.17 0.00171015 90.0032
358.549 14.6905 179.592 229.187 357.759 55.3572 91.3736 

0
0 0 0 0 0 0 
0
0.572006 0.0102715 0.431914 90.17 0.00171015 90.0032
358.549 14.6905 179.592 229.187 357.759 55.3572 91.3736 

0
0 0 0 0 0 0 
0
0.572006 0.0102715 0.431914 90.17 0.00171015 90.0032
358.549 14.6905 179.592 229.187 357.759 55.3572 91.3736 

0
0 0 0 0 0 0 
0
0.572006 0.0102715 0.431914 90.17 0.00171015 90.0032
358.549 14.6905 179.592 229.187 357.759 55.3572 91.3736 

0
0 0 0 0 0 0 
0
0.572006 0.0102715 0.431914 90.17 0.00171015 90.0032
358.549 14.6905 179.592 229.187 357.759 55.3572 91.3736 

0
0 0 0 0 0 0 
0
0.572006 0.0102715 0.431914 90.17 0.00171015 90.0032
358.549 14.6905 179.592 229.187 357.759 55.3572 91.3736 

0
0 0 0 0 0 0 
0
0.572006 0.0102715 0.431914 90.17 0.00171015 90.0032
358.549 14.6905 179.592 229.187 357.759 55.3572 91.3736 

0
0 0 0 0 0 0 
0
0.572006 0.0102715 0.431914 90.17 0.00171015 90.0032
358.549 14.6905 179.592 229.187 357.759 55.3572 91.3736 

0
0 0 0 0 0 0 
0
0.572006 0.0102715 0.431914 90.17 0.00171015 90.0032
358.549 14.6905 179.592 229.187 357.759 55.3572 91.3736 

0
0 0 0 0 0 0 
0
0.572006 0.0102715 0.431914 90.17 0.00171015 90.0032
358.549 14.6905 179.592 229.187 357.759 55.3572 91.3736 

0
0 0 0 0 0 0 
0
0.572006 0.0102715 0.431914 90.17 0.00171015 90.0032
358.549 14.6905 179.592 229.187 357.759 55.3572 91.3736 

0
0 0 0 0 0 0 
0
0.572006 0.0102715 0.431914 90.17 0.00171015 90.0032
358.549 14.6905 179.592 229.187 357.759 55.3572 91.3736 

0
0 0 0 0 0 0 
0
0.572006 0.0102715 0.431914 90.17 0.00171015 90.0032
358.549 14.6905 179.592 229.187 357.759 55.3572 91.3736 

0
0 0 0 0 0 0 
0
0.572006 0.0102715 0.431914 90.17 0.00171015 90.0032
358.549 14.6905 179.592 229.187 357.759 55.3572 91.3736 

0
0 0 0 0 0 0 
0
0.572006 0.0102715 0.431914 90.17 0.00171015 90.0032
358.549 14.6905 179.592 229.187 357.759 55.3572 91.3736 

0
0 0 0 0 0 0 
0
0.572006 0.0102715 0.431914 90.17 0.00171015 90.0032
358.549 14.6905 179.592 229.187 357.759 55.3572 91.3736 

0
0 0 0 0 0 0 
0
0.572006 0.0102715 0.431914 90.17 0.00171015 90.0032
358.549 14.6905 179.592 229.187 357.759 55.3572 91.3736 

0
0 0 0 0 0 0 
0
0.572006 0.0102715 0.431914 90.17 0.00171015 90.0032
358.549 14.6905 179.592 229.187 357.759 55.3572 91.3736 

0
0 0 0 0 0 0 
0
0.572006 0.0102715 0.431914 90.17 0.00171015 90.0032
358.549 14.6905 179.592 229.187 357.759 55.3572 91.3736 

0
0 0 0 0 0 0 
0
0.572006 0.0102715 0.431914 90.17 0.00171015 90.0032
358.549 14.6905 179.592 229.187 357.759 55.3572 91.3736 

0
0 0 0 0 0 0 
0
0.572006 0.0102715 0.431914 90.17 0.00171015 90.0032
358.549 14.6905 179.592 229.187 357.759 55.3572 91.3736 

0
0 0 0 0 0 0 
0
0.572006 0.0102715 0.431914 90.17 0.00171015 90.0032
358.549 14.6905 179.592 229.187 357.759 55.3572 91.3736 

0
0 0 0 0 0 0 
0
0.572006 0.0102715 0.431914 90.17 0.00171015 90.0032
358.549 14.6905 179.592 229.187 357.759 55.3572 91.3736 

0
0 0 0 0 0 0 
0
0.572006 0.0102715 0.431914 90.17 0.00171015 90.0032
358.549 14.6905 179.592 229.187 357.759 55.3572 91.3736 

0
0 0 0 0 0 0 
0
0.572006 0.0102715 0.431914 90.17 0.00171015 90.0032
358.549 14.6905 179.592 229.187 357.759 55.3572 91.3736 

0
0 0 0 0 0 0 
0
0.572006 0.0102715 0.431914 90.17 0.00171015 90.0032
358.549 14.6905 179.592 229.187 357.759 55.3572 91.3736 

0
0 0 0 0 0 0 
0
0.572006 0.0102715 0.431914 90.17 0.00171015 90.0032
358.549 14.6905 179.592 229.187 357.759 55.3572 91.3736 

0
0 0 0 0 0 0 
0
0.572006 0.0102715 0.431914 90.17 0.00171015 90.0032
358.549 14.6905 179.592 229.187 357.759 55.3572 91.3736 

0
0 0 0 0 0 0 
0
0.572006 0.0102715 0.431914 90.17 0.00171015 90.0032
358.549 14.6905 179.592 229.187 357.759 55.3572 91.3736 

0
0 0 0 0 0 0 
0
0.572006 0.0102715 0.431914 90.17 0.00171015 90.0032
358.549 14.6905 179.592 229.187 357.759 55.3572 91.3736 

0
0 0 0 0 0 0 
0
0.572006 0.0102715 0.431914 90.17 0.00171015 90.0032
358.549 14.6905 179.592 229.187 357.759 55.3572 91.3736 

0
0 0 0 0 0 0 
0
0.572006 0.0102715 0.431914 90.17 0.00171015 90.0032
358.549 14.6905 179.592 229.187 357.759 55.3572 91.3736 

0
0 0 0 0 0 0 
0
0.572006 0.0102715 0.431914 90.17 0.00171015 90.0032
358.549 14.6905 179.592 229.187 357.759 55.3572 91.3736 

0
0 0 0 0 0 0 
0
0.572006 0.0102715 0.431914 90.17 0.00171015 90.0032
358.549 14.6905 179.592 229.187 357.759 55.3572 91.3736 

0
0 0 0 0 0 0 
0
0.572006 0.0102715 0.431914 90.17 0.00171015 90.0032
358.549 14.6905 179.592 229.187 357.759 55.3572 91.3736 

0
0 0 0 0 0 0 
0
0.572006 0.0102715 0.431914 90.17 0.00171015 90.0032
358.549 14.6905 179.592 229.187 357.759 55.3572 91.3736 

0
0 0 0 0 0 0 
0
0.572006 0.0102715 0.431914 90.17 0.00171015 90.0032
358.549 14.6905 179.592 229.187 357.759 55.3572 91.3736 

0
0 0 0 0 0 0 
0
0.572006 0.0102715 0.431914 90.17 0.00171015 90.0032
358.549 14.6905 179.592 229.187 357.759 55.3572 91.3736 

0
0 0 0 0 0 0 
0
0.572006 0.0102715 0.431914 90.17 0.00171015 90.0032
358.549 14.6905 179.592 229.187 357.759 55.3572 91.3736 

0
0 0 0 0 0 0 
0
0.572006 0.0102715 0.431914 90.17 0.00171015 90.0032
358.549 14.6905 179.592 229.187 357.759 55.3572 91.3736 

0
0 0 0 0 0 0 
0
0.572006 0.0102715 0.431914 90.17 0.00171015 90.0032
358.549 14.6905 179.592 229.187 357.759 55.3572 91.3736 

0
0 0 0 0 0 0 
0
0.572006 0.0102715 0.431914 90.17 0.00171015 90.0032
358.549 14.6905 179.592 229.187 357.759 55.3572 91.3736 

0
0 0 0 0 0 0 
0
0.572006 0.0102715 0.431914 90.17 0.00171015 90.0032
358.549 14.6905 179.592 229.187 357.759 55.3572 91.3736 

0
0 0 0 0 0 0 
0
0.572006 0.0102715 0.431914 90.17 0.00171015 90.0032
358.549 14.6905 179.592 229.187 357.759 55.3572 91.3736 

0
0 0 0 0 0 0 
0
0.572006 0.0102715 0.431914 90.17 0.00171015 90.0032
358.549 14.6905 179.592 229.187 357.759 55.3572 91.3736 

0
0 0 0 0 0 0 
0
0.572006 0.0102715 0.431914 90.17 0.00171015 90.0032
358.549 14.6905 179.592 229.187 357.759 55.3572 91.3736 

0
0 0 0 0 0 0 
0
0.572006 0.0102715 0.431914 90.17 0.00171015 90.0032
358.549 14.6905 179.592 229.187 357.759 55.3572 91.3736 

0
0 0 0 0 0 0 
0
0.572006 0.0102715 0.431914 90.17 0.00171015 90.0032
358.549 14.6905 179.592 229.187 357.759 55.3572 91.3736 

0
0 0 0 0 0 0 
0
0.572006 0.0102715 0.431914 90.17 0.00171015 90.0032
358.549 14.6905 179.592 229.187 357.759 55.3572 91.3736 

0
0 0 0 0 0 0 
0
0.572006 0.0102715 0.431914 90.17 0.00171015 90.0032
358.549 14.6905 179.592 229.187 357.759 55.3572 91.3736 

0
0 0 0 0 0 0 
0
0.572006 0.0102715 0.431914 90.17 0.00171015 90.0032
358.549 14.6905 179.592 229.187 357.759 55.3572 91.3736 

0
0 -0.1 0 0 0 0 
0
0.572006 0.0102715 0.431914 90.17 0.00171015 90.0032
358.549 14.6905 179.592 229.187 357.759 55.3572 91.3736 

0
0 -0.29 0 0 0 0 
0
0.572006 0.0102715 0.431914 90.17 0.00171015 90.0032
358.549 14.6905 179.592 229.187 357.759 55.3572 91.3736 

0
0 -0.42 0 0 0 0 
0
0.572006 0.0102715 0.431914 90.17 0.00171015 90.0032
358.549 14.6905 179.592 229.187 357.759 55.3572 91.3736 

0
0 -0.48 0 0 0 0 
0
0.572006 0.0102715 0.431914 90.17 0.00171015 90.0032
358.549 14.6905 179.592 229.187 357.759 55.3572 91.3736 

0
0 -0.6 0 0 0 0 
0
0.572006 0.0102715 0.431914 90.17 0.00171015 90.0032
358.549 14.6905 179.592 229.187 357.759 55.3572 91.3736 

0
0 -0.49 0 0 0 0 
0
0.572006 0.0102715 0.431914 90.17 0.00171015 90.0032
358.549 14.6905 179.592 229.187 357.759 55.3572 91.3736 

0
0 -0.25 0 0 0 0 
0
0.572006 0.0102715 0.431914 90.17 0.00171015 90.0032
358.549 14.6905 179.592 229.187 357.759 55.3572 91.3736 

0
0 0 0 0 0 0 
0
0.572006 0.0102715 0.431914 90.17 0.00171015 90.0032
358.549 14.6905 179.592 229.187 357.759 55.3572 91.3736 

0
0 0 0 0 0 0 
0
0.572006 0.0102715 0.431914 90.17 0.00171015 90.0032
358.549 14.6905 179.592 229.187 357.759 55.3572 91.3736 

0
0 0 0 0 0 0 
0
0.572006 0.0102715 0.431914 90.17 0.00171015 90.0032
358.549 14.6905 179.592 229.187 357.759 55.3572 91.3736 

0
0 0 0 0 0 0 
0
0.572006 0.0102715 0.431914 90.17 0.00171015 90.0032
358.549 14.6905 179.592 229.187 357.759 55.3572 91.3736 

0
0 0 0 0 0 0 
0
0.572006 0.0102715 0.431914 90.17 0.00171015 90.0032
358.549 14.6905 179.592 229.187 357.759 55.3572 91.3736 

0
0 0 0 0 0 0 
0
0.572006 0.0102715 0.431914 90.17 0.00171015 90.0032
358.549 14.6905 179.592 229.187 357.759 55.3572 91.3736 

0
0 0 0 0 0 0 
0
0.572006 0.0102715 0.431914 90.17 0.00171015 90.0032
358.549 14.6905 179.592 229.187 357.759 55.3572 91.3736 

0
0 0 0 0 0 0 
0
0.572006 0.0102715 0.431914 90.17 0.00171015 90.0032
358.549 14.6905 179.592 229.187 357.759 55.3572 91.3736 

0
0 0 0 0 0 0 
0
0.572006 0.0102715 0.431914 90.17 0.00171015 90.0032
358.549 14.6905 179.592 229.187 357.759 55.3572 91.3736 

0
0 0 0 0 0 0 
0
0.572006 0.0102715 0.431914 90.17 0.00171015 90.0032
358.549 14.6905 179.592 229.187 357.759 55.3572 91.3736 

0
-0.08 0 0 0 0 0 
0
0.572006 0.0102715 0.431914 90.17 0.00171015 90.0032
358.549 14.6905 179.592 229.187 357.759 55.3572 91.3736 

0
0 0 0 0 0 0 
0
0.572006 0.0102715 0.431914 90.17 0.00171015 90.0032
358.549 14.6905 179.592 229.187 357.759 55.3572 91.3736 

0
0 0 0 0 0 0 
0
0.572006 0.0102715 0.431914 90.17 0.00171015 90.0032
358.549 14.6905 179.592 229.187 357.759 55.3572 91.3736 

0
0 0 0 0 0 0 
0
0.572006 0.0102715 0.431914 90.17 0.00171015 90.0032
358.549 14.6905 179.592 229.187 357.759 55.3572 91.3736 

0
0 0 0 0 0 0 
0
0.572006 0.0102715 0.431914 90.17 0.00171015 90.0032
358.549 14.6905 179.592 229.187 357.759 55.3572 91.3736 

0
0 0 0 0 0 0 
0
0.572006 0.0102715 0.431914 90.17 0.00171015 90.0032
358.549 14.6905 179.592 229.187 357.759 55.3572 91.3736 

0
0 0 0 0 0 0 
0
0.572006 0.0102715 0.431914 90.17 0.00171015 90.0032
358.549 14.6905 179.592 229.187 357.759 55.3572 91.3736 

0
0 0 0 0 0 0 
0
0.572006 0.0102715 0.431914 90.17 0.00171015 90.0032
358.549 14.6905 179.592 229.187 357.759 55.3572 91.3736 

0
0 0 0 0 0 0 
0
0.572006 0.0102715 0.431914 90.17 0.00171015 90.0032
358.549 14.6905 179.592 229.187 357.759 55.3572 91.3736 

0
0 0 0 0 0 0 
0
0.572006 0.0102715 0.431914 90.17 0.00171015 90.0032
358.549 14.6905 179.592 229.187 357.759 55.3572 91.3736 

0
0 0 0 0 0 0 
0
0.572006 0.0102715 0.431914 90.17 0.00171015 90.0032
358.549 14.6905 179.592 229.187 357.759 55.3572 91.3736 

0
0 0 0 0 0 0 
0
0.572006 0.0102715 0.431914 90.17 0.00171015 90.0032
358.549 14.6905 179.592 229.187 357.759 55.3572 91.3736 

0
0 0 0 0 0 0 
0
0.572006 0.0102715 0.431914 90.17 0.00171015 90.0032
358.549 14.6905 179.592 229.187 357.759 55.3572 91.3736 

0
0 0 0 0 0 0 
0
0.572006 0.0102715 0.431914 90.17 0.00171015 90.0032
358.549 14.6905 179.592 229.187 357.759 55.3572 91.3736 

0
0 0 0 0 0 0 
0
0.572006 0.0102715 0.431914 90.17 0.00171015 90.0032
358.549 14.6905 179.592 229.187 357.759 55.3572 91.3736 

0
0 0 0 0 0 0 
0
0.572006 0.0102715 0.431914 90.17 0.00171015 90.0032
358.549 14.6905 179.592 229.187 357.759 55.3572 91.3736 

0
0 0 0 0 0 0 
0
0.572006 0.0102715 0.431914 90.17 0.00171015 90.0032
358.549 14.6905 179.592 229.187 357.759 55.3572 91.3736 

0
0 0 0 0 0 0 
0
0.572006 0.0102715 0.431914 90.17 0.00171015 90.0032
358.549 14.6905 179.592 229.187 357.759 55.3572 91.3736 

0
0 0 0 0 0 0 
0
0.572006 0.0102715 0.431914 90.17 0.00171015 90.0032
358.549 14.6905 179.592 229.187 357.759 55.3572 91.3736 

0
0 0 0 0 0 0 
0
0.572006 0.0102715 0.431914 90.17 0.00171015 90.0032
358.549 14.6905 179.592 229.187 357.759 55.3572 91.3736 

0
0 0 0 0 0 0 
0
0.572006 0.0102715 0.431914 90.17 0.00171015 90.0032
358.549 14.6905 179.592 229.187 357.759 55.3572 91.3736 

0
0 0 0 0 0 0 
0
0.572006 0.0102715 0.431914 90.17 0.00171015 90.0032
358.549 14.6905 179.592 229.187 357.759 55.3572 91.3736 

0
0 0 0 0 0 0 
0
0.572006 0.0102715 0.431914 90.17 0.00171015 90.0032
358.549 14.6905 179.592 229.187 357.759 55.3572 91.3736 

0
0 0 0 0 0 0 
0
0.572006 0.0102715 0.431914 90.17 0.00171015 90.0032
358.549 14.6905 179.592 229.187 357.759 55.3572 91.3736 

0
0 0 0 0 0 0 
0
TOTAL MODE SWITCHES: 0
0.572006 0.0102715 0.431914 90.17 0.00171015 90.0032
358.549 14.6905 179.592 229.187 357.759 55.3572 91.3736 

