*************************************** INFO ***************************************
Filename: PourMartin3D_1908 11121
Date: Thu Aug  1 11:21:16 2019
Task: Pour
Participant: Martin
************************************** FORMAT **************************************
mode
motion force command [linear_x linear_y linear_z angular_x angular_y angular_z]
gripper force command [open/close]
current pose [x y z theta_x theta_y theta_z]
current joint angles [j1 j2 j3 j4 j5 j6 j7]
************************************************************************************
0
0 0 0 0 0 0 
0
0.238067 0.00366461 0.544192 87.8253 0.935877 89.6059
0.108564 300.737 178.777 216.898 12.9119 355.892 77.0361 

0
0 0 0 0 0 0 
0
0.238067 0.00366461 0.544192 87.8253 0.935877 89.6059
0.108564 300.737 178.777 216.898 12.9119 355.892 77.0361 

0
0 0 0 0 0 0 
0
0.238067 0.00366461 0.544192 87.8253 0.935877 89.6059
0.108538 300.737 178.777 216.898 12.9119 355.892 77.0361 

0
0 0 0 0 0 0 
0
0.238067 0.00366461 0.544192 87.8253 0.935877 89.6059
0.108538 300.737 178.777 216.898 12.9119 355.892 77.0361 

0
0 0 0 0 0 0 
0
0.238067 0.00366461 0.544192 87.8253 0.935877 89.6059
0.108538 300.737 178.777 216.898 12.9119 355.892 77.0361 

0
0 0 0 0 0 0 
0
0.238067 0.00366461 0.544192 87.8253 0.935877 89.6059
0.108538 300.737 178.777 216.898 12.9119 355.892 77.0361 

0
0 0 0 0 0 0 
0
0.238067 0.00366461 0.544192 87.8253 0.935877 89.6059
0.108512 300.737 178.777 216.898 12.9119 355.892 77.0361 

0
0 0 0 0 0 0 
0
0.238067 0.00366461 0.544192 87.8253 0.935877 89.6059
0.108512 300.737 178.777 216.898 12.9119 355.892 77.0361 

0
0 0 0 0 0 0 
0
0.238067 0.00366461 0.544192 87.8253 0.935877 89.6059
0.108512 300.737 178.777 216.898 12.9119 355.892 77.0361 

0
0 0 0 0 0 0 
0
0.238067 0.00366461 0.544192 87.8253 0.935877 89.6059
0.108512 300.737 178.777 216.898 12.9119 355.892 77.0362 

0
0 0 0 0 0 0 
0
0.238067 0.00366461 0.544192 87.8253 0.935877 89.6059
0.108512 300.737 178.777 216.898 12.9119 355.892 77.0362 

0
0 0 0 0 0 0 
0
0.238067 0.00366461 0.544192 87.8253 0.935877 89.6059
0.108485 300.737 178.777 216.898 12.9119 355.892 77.0362 

0
0 0 0 0 0 0 
0
0.238067 0.00366461 0.544192 87.8253 0.935877 89.6059
0.108485 300.737 178.777 216.898 12.9119 355.892 77.0362 

0
0 0 0 0 0 0 
0
0.238067 0.00366461 0.544192 87.8253 0.935877 89.6059
0.108485 300.737 178.777 216.898 12.9119 355.892 77.0362 

0
0 0 0 0 0 0 
0
0.238067 0.00366461 0.544192 87.8253 0.935877 89.6059
0.108485 300.737 178.777 216.898 12.9119 355.892 77.0362 

0
0 0 0 0 0 0 
0
0.238067 0.00366461 0.544192 87.8253 0.935877 89.6059
0.108485 300.737 178.777 216.898 12.9119 355.892 77.0362 

0
0 0 0 0 0 0 
0
0.238067 0.00366461 0.544192 87.8253 0.935877 89.6059
0.108459 300.737 178.777 216.898 12.9119 355.892 77.0362 

0
0 0 0 0 0 0 
0
0.238067 0.00366461 0.544192 87.8253 0.935877 89.6059
0.108459 300.737 178.777 216.898 12.9119 355.892 77.0362 

0
0 0 0 0 0 0 
0
0.238067 0.00366461 0.544192 87.8253 0.935877 89.6059
0.108459 300.737 178.777 216.898 12.9119 355.892 77.0362 

0
0 0 0 0 0 0 
0
0.238067 0.00366461 0.544192 87.8253 0.935877 89.6059
0.108459 300.737 178.777 216.898 12.9118 355.892 77.0362 

0
0 0 0 0 0 0 
0
0.238067 0.00366461 0.544192 87.8253 0.935877 89.6059
0.108459 300.737 178.777 216.898 12.9118 355.892 77.0362 

0
0 0 0 0 0 0 
0
0.238067 0.00366461 0.544192 87.8253 0.935877 89.6059
0.108433 300.737 178.777 216.898 12.9118 355.892 77.0362 

0
0 0 0 0 0 0 
0
0.238067 0.00366461 0.544192 87.8253 0.935877 89.6059
0.108433 300.737 178.777 216.898 12.9118 355.892 77.0362 

0
0 0 0 0 0 0 
0
0.238067 0.00366461 0.544192 87.8253 0.935877 89.6059
0.108433 300.737 178.777 216.898 12.9118 355.892 77.0362 

0
0 0 0 0 0 0 
0
0.238067 0.00366461 0.544192 87.8253 0.935877 89.6059
0.108433 300.737 178.777 216.898 12.9118 355.892 77.0362 

0
0 0 0 0 0 0 
0
0.238067 0.00366461 0.544192 87.8253 0.935877 89.6059
0.108433 300.737 178.777 216.898 12.9118 355.892 77.0362 

0
0 0 0 0 0 0 
0
0.238067 0.00366461 0.544192 87.8253 0.935877 89.6059
0.108433 300.737 178.777 216.898 12.9118 355.892 77.0362 

0
0 0 0 0 0 0 
0
0.238067 0.00366461 0.544192 87.8253 0.935877 89.6059
0.108433 300.737 178.777 216.898 12.9118 355.892 77.0362 

0
0 0 0 0 0 0 
0
0.238067 0.00366461 0.544192 87.8253 0.935877 89.6059
0.108433 300.737 178.777 216.898 12.9118 355.892 77.0362 

0
0 0 0 0 0 0 
0
0.238067 0.00366461 0.544192 87.8253 0.935877 89.6059
0.108433 300.737 178.777 216.898 12.9118 355.892 77.0362 

0
0 0 0 0 0 0 
0
0.238067 0.00366461 0.544192 87.8253 0.935877 89.6059
0.108433 300.737 178.777 216.898 12.9118 355.892 77.0362 

0
0 0 0 0 0 0 
0
0.238067 0.00366461 0.544192 87.8253 0.935877 89.6059
0.108433 300.737 178.777 216.898 12.9118 355.892 77.0362 

0
0 0 0 0 0 0 
0
0.238067 0.00366461 0.544192 87.8253 0.935877 89.6059
0.108433 300.737 178.777 216.898 12.9118 355.892 77.0362 

0
0 0 0 0 0 0 
0
0.238067 0.00366461 0.544192 87.8253 0.935877 89.6059
0.108406 300.737 178.777 216.898 12.9118 355.892 77.0362 

0
0 0 0 0 0 0 
0
0.238067 0.00366461 0.544192 87.8253 0.935877 89.6059
0.108406 300.737 178.777 216.898 12.9118 355.892 77.0362 

0
0 0 0 0 0 0 
0
0.238067 0.00366461 0.544192 87.8253 0.935877 89.6059
0.108406 300.737 178.777 216.898 12.9118 355.892 77.0362 

0
0 0 0 0 0 0 
0
0.238067 0.00366461 0.544192 87.8253 0.935877 89.6059
0.108406 300.737 178.777 216.898 12.9118 355.892 77.0362 

0
0 0 0 0 0 0 
0
0.238067 0.00366461 0.544192 87.8253 0.935877 89.6059
0.108406 300.737 178.777 216.898 12.9118 355.892 77.0362 

0
0 0 0 0 0 0 
0
0.238067 0.00366461 0.544192 87.8253 0.935877 89.6059
0.108406 300.737 178.777 216.898 12.9118 355.892 77.0362 

0
0 0 0 0 0 0 
0
0.238067 0.00366461 0.544192 87.8253 0.935877 89.6059
0.108406 300.737 178.777 216.898 12.9118 355.892 77.0362 

0
0 0 0 0 0 0 
0
0.238067 0.00366461 0.544192 87.8253 0.935877 89.6059
0.108406 300.737 178.777 216.898 12.9118 355.892 77.0362 

0
0 0 0 0 0 0 
0
0.238067 0.00366461 0.544192 87.8253 0.935877 89.6059
0.108406 300.737 178.777 216.898 12.9118 355.892 77.0362 

0
0 0 0 0 0 0 
0
0.238067 0.00366461 0.544192 87.8253 0.935877 89.6059
0.108406 300.737 178.777 216.898 12.9118 355.892 77.0362 

0
0 0 0 0 0 0 
0
0.238067 0.00366461 0.544192 87.8253 0.935877 89.6059
0.108406 300.737 178.777 216.898 12.9117 355.892 77.0362 

0
0 0 0 0 0 0 
0
0.238067 0.00366461 0.544192 87.8253 0.935877 89.6059
0.108406 300.737 178.777 216.898 12.9117 355.892 77.0362 

0
0 0 0 0 0 0 
0
0.238067 0.00366461 0.544192 87.8253 0.935877 89.6059
0.108406 300.737 178.777 216.898 12.9117 355.892 77.0362 

0
0 0 0 0 0 0 
0
0.238067 0.00366461 0.544192 87.8253 0.935877 89.6059
0.108406 300.737 178.777 216.898 12.9117 355.892 77.0362 

0
0 0 0 0 0 0 
0
0.238067 0.00366461 0.544192 87.8253 0.935877 89.6059
0.108406 300.737 178.777 216.898 12.9117 355.892 77.0362 

0
0 0 0 0 0 0 
0
0.238067 0.00366461 0.544192 87.8253 0.935877 89.6059
0.10838 300.737 178.777 216.898 12.9117 355.892 77.0362 

0
0 0 0 0 0 0 
0
0.238067 0.00366461 0.544192 87.8253 0.935877 89.6059
0.108406 300.737 178.777 216.898 12.9117 355.892 77.0362 

0
0 0 0 0 0 0 
0
0.238067 0.00366461 0.544192 87.8253 0.935877 89.6059
0.10838 300.737 178.777 216.898 12.9117 355.892 77.0362 

0
0 0 0 0 0 0 
0
0.238067 0.00366461 0.544192 87.8253 0.935877 89.6059
0.10838 300.737 178.777 216.898 12.9117 355.892 77.0362 

0
0 0 0 0 0 0 
0
0.238067 0.00366461 0.544192 87.8253 0.935877 89.6059
0.10838 300.737 178.777 216.898 12.9117 355.892 77.0362 

0
0 0 0 0 0 0 
0
0.238067 0.00366461 0.544192 87.8253 0.935877 89.6059
0.10838 300.737 178.777 216.898 12.9117 355.892 77.0362 

0
0 0 0 0 0 0 
0
0.238067 0.00366461 0.544192 87.8253 0.935877 89.6059
0.10838 300.737 178.777 216.898 12.9117 355.892 77.0363 

0
0 0 0 0 0 0 
0
0.238067 0.00366461 0.544192 87.8253 0.935877 89.6059
0.10838 300.737 178.777 216.898 12.9117 355.892 77.0363 

0
0 0 0 0 0 0 
0
0.238067 0.00366461 0.544192 87.8253 0.935877 89.6059
0.10838 300.737 178.777 216.898 12.9117 355.892 77.0363 

0
0 0 0 0 0 0 
0
0.238067 0.00366461 0.544192 87.8253 0.935877 89.6059
0.10838 300.737 178.777 216.898 12.9117 355.892 77.0363 

0
0 0 0 0 0 0 
0
0.238067 0.00366461 0.544192 87.8253 0.935877 89.6059
0.10838 300.737 178.777 216.898 12.9117 355.892 77.0363 

0
0 0 0 0 0 0 
0
0.238067 0.00366461 0.544192 87.8253 0.935877 89.6059
0.10838 300.737 178.777 216.898 12.9117 355.892 77.0363 

0
0 0 0 0 0 0 
0
0.238067 0.00366461 0.544192 87.8253 0.935877 89.6059
0.10838 300.737 178.777 216.898 12.9117 355.892 77.0363 

0
0 0 0 0 0 0 
0
0.238067 0.00366461 0.544192 87.8253 0.935877 89.6059
0.10838 300.737 178.777 216.898 12.9117 355.892 77.0363 

0
0 0 0 0 0 0 
0
TOTAL MODE SWITCHES: 0
0.238067 0.00366461 0.544192 87.8253 0.935877 89.6059
0.10838 300.737 178.777 216.898 12.9117 355.892 77.0363 

TOTAL EXECUTION TIME: 4 SECONDS
