*************************************** INFO ***************************************
Filename: PourMartin6D_1908 11154
Date: Thu Aug  1 11:54:01 2019
Task: Pour
Participant: Martin
************************************** FORMAT **************************************
mode
motion force command [linear_x linear_y linear_z angular_x angular_y angular_z]
gripper force command [open/close]
current pose [x y z theta_x theta_y theta_z]
current joint angles [j1 j2 j3 j4 j5 j6 j7]
************************************************************************************
0
0 0 0 0 0 0 
0
0.238067 0.00366461 0.544192 87.8253 0.935877 89.6059
0.107722 300.737 178.778 216.898 12.9118 355.892 77.0365 

0
0 0 0 0 0 0 
0
0.238067 0.00366461 0.544192 87.8253 0.935877 89.6059
0.107722 300.737 178.778 216.898 12.9118 355.892 77.0365 

0
0 0 0 0 0 0 
0
0.238067 0.00366461 0.544192 87.8253 0.935877 89.6059
0.107722 300.737 178.778 216.898 12.9117 355.892 77.0365 

0
0 0 0 0 0 0 
0
0.238067 0.00366461 0.544192 87.8253 0.935877 89.6059
0.107722 300.737 178.778 216.898 12.9117 355.892 77.0366 

0
0 0 0 0 0 0 
0
0.238067 0.00366461 0.544192 87.8253 0.935877 89.6059
0.107696 300.737 178.778 216.898 12.9117 355.892 77.0366 

0
0 0 0 0 0 0 
0
0.238067 0.00366461 0.544192 87.8253 0.935877 89.6059
TOTAL MODE SWITCHES: 0
0.107696 300.737 178.778 216.898 12.9117 355.892 77.0366 

TOTAL EXECUTION TIME: 1 SECONDS
