*************************************** INFO ***************************************
Filename: RiceMasood3D_1907251428
Date: Thu Jul 25 14:28:33 2019
Task: Rice
Participant: Masood
************************************** FORMAT **************************************
mode
motion force command [linear_x linear_y linear_z angular_x angular_y angular_z]
gripper force command [open/close]
current pose [x y z theta_x theta_y theta_z]
current joint angles [j1 j2 j3 j4 j5 j6 j7]
************************************************************************************
0
0 0 0 0 0 0 
0
0.238067 0.00366461 0.544192 87.8253 0.935877 89.6059
0.108662 300.737 178.776 216.898 12.9112 355.892 77.0363 

0
0 0 0 0 0 0 
0
0.238067 0.00366461 0.544192 87.8253 0.935877 89.6059
0.108635 300.737 178.776 216.898 12.9112 355.892 77.0363 

0
0 0 0 0 0 0 
0
0.238067 0.00366461 0.544192 87.8253 0.935877 89.6059
0.108635 300.737 178.776 216.898 12.9112 355.892 77.0363 

0
0 0 0 0 0 0 
0
0.238067 0.00366461 0.544192 87.8253 0.935877 89.6059
0.108635 300.737 178.776 216.898 12.9112 355.892 77.0363 

0
0 0 0 0 0 0 
0
0.238067 0.00366461 0.544192 87.8253 0.935877 89.6059
0.108635 300.737 178.776 216.898 12.9112 355.892 77.0363 

0
0 0 0 0 0 0 
0
0.238067 0.00366461 0.544192 87.8253 0.935877 89.6059
0.108609 300.737 178.776 216.898 12.9112 355.892 77.0363 

0
0 0 0 0 0 0 
0
0.238067 0.00366461 0.544192 87.8253 0.935877 89.6059
0.108609 300.737 178.776 216.898 12.9112 355.892 77.0363 

0
0 0 0 0 0 0 
0
0.238067 0.00366461 0.544192 87.8253 0.935877 89.6059
0.108609 300.737 178.776 216.898 12.9112 355.892 77.0363 

0
0 0 0 0 0 0 
0
0.238067 0.00366461 0.544192 87.8253 0.935877 89.6059
0.108609 300.737 178.776 216.898 12.9112 355.892 77.0363 

0
0 0 0 0 0 0 
0
0.238067 0.00366461 0.544192 87.8253 0.935877 89.6059
0.108583 300.737 178.776 216.898 12.9112 355.892 77.0363 

0
0 0 0 0 0 0 
0
0.238067 0.00366461 0.544192 87.8253 0.935877 89.6059
0.108583 300.737 178.776 216.898 12.9112 355.892 77.0363 

0
0 0 0 0 0 0 
0
0.238067 0.00366461 0.544192 87.8253 0.935877 89.6059
0.108583 300.737 178.776 216.898 12.9112 355.892 77.0363 

0
0 0 0 0 0 0 
0
0.238067 0.00366461 0.544192 87.8253 0.935877 89.6059
0.108583 300.737 178.776 216.898 12.9111 355.892 77.0363 

0
0 0 0 0 0 0 
0
0.238067 0.00366461 0.544192 87.8253 0.935877 89.6059
0.108583 300.737 178.776 216.898 12.9111 355.892 77.0363 

0
0 0 0 0 0 0 
0
0.238067 0.00366461 0.544192 87.8253 0.935877 89.6059
0.108556 300.737 178.776 216.898 12.9111 355.892 77.0363 

0
0 0 0 0 0 0 
0
0.238067 0.00366461 0.544192 87.8253 0.935877 89.6059
0.108556 300.737 178.776 216.898 12.9111 355.892 77.0363 

0
0 0 0 0 0 0 
0
0.238067 0.00366461 0.544192 87.8253 0.935877 89.6059
0.108556 300.737 178.776 216.898 12.9111 355.892 77.0364 

0
0 0 0 0 0 0 
0
0.238067 0.00366461 0.544192 87.8253 0.935877 89.6059
0.108556 300.737 178.776 216.898 12.9111 355.892 77.0364 

0
0 0 0 0 0 0 
0
0.238067 0.00366461 0.544192 87.8253 0.935877 89.6059
0.108556 300.737 178.776 216.898 12.9111 355.892 77.0364 

0
0 0 0 0 0 0 
0
0.238067 0.00366461 0.544192 87.8253 0.935877 89.6059
0.108556 300.737 178.776 216.898 12.9111 355.892 77.0364 

0
0 0 0 0 0 0 
0
0.238067 0.00366461 0.544192 87.8253 0.935877 89.6059
0.108556 300.737 178.776 216.898 12.9111 355.892 77.0364 

0
0 0 0 0 0 0 
0
0.238067 0.00366461 0.544192 87.8253 0.935877 89.6059
0.108556 300.737 178.776 216.898 12.9111 355.892 77.0364 

0
0 0 0 0 0 0 
0
0.238067 0.00366461 0.544192 87.8253 0.935877 89.6059
0.108556 300.737 178.776 216.898 12.9111 355.892 77.0364 

0
0 0 0 0 0 0 
0
0.238067 0.00366461 0.544192 87.8253 0.935877 89.6059
0.108556 300.737 178.776 216.898 12.9111 355.892 77.0364 

0
0 0 0 0 0 0 
0
0.238067 0.00366461 0.544192 87.8253 0.935877 89.6059
0.108556 300.737 178.776 216.898 12.9111 355.892 77.0364 

0
0 0 0 0 0 0 
0
0.238067 0.00366461 0.544192 87.8253 0.935877 89.6059
0.108556 300.737 178.776 216.898 12.9111 355.892 77.0364 

0
0 0 0 0 0 0 
0
0.238067 0.00366461 0.544192 87.8253 0.935877 89.6059
0.108556 300.737 178.776 216.898 12.9111 355.892 77.0364 

0
0 0 0 0 0 0 
0
0.238067 0.00366461 0.544192 87.8253 0.935877 89.6059
0.108556 300.737 178.776 216.898 12.9111 355.892 77.0364 

0
0 0 0 0 0 0 
0
0.238067 0.00366461 0.544192 87.8253 0.935877 89.6059
0.10853 300.737 178.776 216.898 12.9111 355.892 77.0364 

0
0 0 0 0 0 0 
0
0.238067 0.00366461 0.544192 87.8253 0.935877 89.6059
0.10853 300.737 178.776 216.898 12.9111 355.892 77.0364 

0
0 0 0 0 0 0 
0
0.238067 0.00366461 0.544192 87.8253 0.935877 89.6059
0.10853 300.737 178.776 216.898 12.9111 355.892 77.0364 

0
0 0 0 0 0 0 
0
0.238067 0.00366461 0.544192 87.8253 0.935877 89.6059
0.10853 300.737 178.776 216.898 12.9111 355.892 77.0364 

0
0 0 0 0 0 0 
0
0.238067 0.00366461 0.544192 87.8253 0.935877 89.6059
0.10853 300.737 178.776 216.898 12.9111 355.892 77.0364 

0
0 0 0 0 0 0 
0
0.238067 0.00366461 0.544192 87.8253 0.935877 89.6059
0.10853 300.737 178.776 216.898 12.9111 355.892 77.0364 

0
0 0 0 0 0 0 
0
0.238067 0.00366461 0.544192 87.8253 0.935877 89.6059
0.10853 300.737 178.776 216.898 12.9111 355.892 77.0364 

0
0 0 0 0 0 0 
0
0.238067 0.00366461 0.544192 87.8253 0.935877 89.6059
0.10853 300.737 178.776 216.898 12.9111 355.892 77.0364 

0
0 0 0 0 0 0 
0
0.238067 0.00366461 0.544192 87.8253 0.935877 89.6059
0.10853 300.737 178.776 216.898 12.9111 355.892 77.0364 

0
0 0 0 0 0 0 
0
0.238067 0.00366461 0.544192 87.8253 0.935877 89.6059
0.10853 300.737 178.776 216.898 12.9111 355.892 77.0364 

0
0 0 0 0 0 0 
0
0.238067 0.00366461 0.544192 87.8253 0.935877 89.6059
0.10853 300.737 178.776 216.898 12.9111 355.892 77.0364 

0
0 0 0 0 0 0 
0
0.238067 0.00366461 0.544192 87.8253 0.935877 89.6059
0.108504 300.737 178.776 216.898 12.9111 355.892 77.0364 

0
0 0 0 0 0 0 
0
0.238067 0.00366461 0.544192 87.8253 0.935877 89.6059
0.108504 300.737 178.776 216.898 12.9111 355.892 77.0364 

0
0 0 0 0 0 0 
0
0.238067 0.00366461 0.544192 87.8253 0.935877 89.6059
0.108504 300.737 178.776 216.898 12.9111 355.892 77.0364 

0
0 0 0 0 0 0 
0
0.238067 0.00366461 0.544192 87.8253 0.935877 89.6059
0.108504 300.737 178.776 216.898 12.9111 355.892 77.0364 

0
0 0 0 0 0 0 
0
0.238067 0.00366461 0.544192 87.8253 0.935877 89.6059
0.108504 300.737 178.776 216.898 12.9111 355.892 77.0364 

0
0 0 0 0 0 0 
0
0.238067 0.00366461 0.544192 87.8253 0.935877 89.6059
0.108504 300.737 178.776 216.898 12.9111 355.892 77.0364 

0
0 0 0 0 0 0 
0
0.238067 0.00366461 0.544192 87.8253 0.935877 89.6059
0.108504 300.737 178.776 216.898 12.9111 355.892 77.0364 

0
0 0 0 0 0 0 
0
0.238067 0.00366461 0.544192 87.8253 0.935877 89.6059
0.108504 300.737 178.776 216.898 12.9111 355.892 77.0364 

0
0 0 0 0 0 0 
0
0.238067 0.00366461 0.544192 87.8253 0.935877 89.6059
0.108504 300.737 178.776 216.898 12.9111 355.892 77.0364 

0
0 0 0 0 0 0 
0
0.238067 0.00366461 0.544192 87.8253 0.935877 89.6059
0.108504 300.737 178.776 216.898 12.9111 355.892 77.0364 

0
0 0 0 0 0 0 
0
0.238067 0.00366461 0.544192 87.8253 0.935877 89.6059
0.108504 300.737 178.776 216.898 12.9111 355.892 77.0364 

0
0 0 0 0 0 0 
0
0.238067 0.00366461 0.544192 87.8253 0.935877 89.6059
0.108504 300.737 178.776 216.898 12.9111 355.892 77.0364 

0
0 0 0 0 0 0 
0
0.238067 0.00366461 0.544192 87.8253 0.935877 89.6059
0.108504 300.737 178.776 216.898 12.9111 355.892 77.0364 

0
0 0 0 0 0 0 
0
0.238067 0.00366461 0.544192 87.8253 0.935877 89.6059
0.108504 300.737 178.776 216.898 12.9111 355.892 77.0364 

0
0 0 0 0 0 0 
0
0.238067 0.00366461 0.544192 87.8253 0.935877 89.6059
0.108504 300.737 178.776 216.898 12.9111 355.892 77.0364 

0
0 0 0 0 0 0 
0
0.238067 0.00366461 0.544192 87.8253 0.935877 89.6059
0.108478 300.737 178.776 216.898 12.9111 355.892 77.0364 

0
0 0 0 0 0 0 
0
0.238067 0.00366461 0.544192 87.8253 0.935877 89.6059
0.108478 300.737 178.776 216.898 12.9111 355.892 77.0364 

0
0 0 0 0 0 0 
0
0.238067 0.00366461 0.544192 87.8253 0.935877 89.6059
0.108478 300.737 178.776 216.898 12.9111 355.892 77.0364 

0
0 0 0 0 0 0 
0
0.238067 0.00366461 0.544192 87.8253 0.935877 89.6059
0.108478 300.737 178.776 216.898 12.9111 355.892 77.0364 

0
0 0 0 0 0 0 
0
0.238067 0.00366461 0.544192 87.8253 0.935877 89.6059
0.108478 300.737 178.776 216.898 12.9111 355.892 77.0364 

0
0 0 0 0 0 0 
0
0.238067 0.00366461 0.544192 87.8253 0.935877 89.6059
0.108478 300.737 178.776 216.898 12.9111 355.892 77.0364 

0
0 0 0 0 0 0 
0
0.238067 0.00366461 0.544192 87.8253 0.935877 89.6059
0.108478 300.737 178.776 216.898 12.9111 355.892 77.0364 

0
0 0 0 0 0 0 
0
0.238067 0.00366461 0.544192 87.8253 0.935877 89.6059
0.108478 300.737 178.776 216.898 12.9111 355.892 77.0364 

0
0 0 0 0 0 0 
0
0.238067 0.00366461 0.544192 87.8253 0.935877 89.6059
0.108478 300.737 178.776 216.898 12.9111 355.892 77.0364 

0
0 0 0 0 0 0 
0
0.238067 0.00366461 0.544192 87.8253 0.935877 89.6059
0.108478 300.737 178.776 216.898 12.9111 355.892 77.0364 

0
0 0 0 0 0 0 
0
0.238067 0.00366461 0.544192 87.8253 0.935877 89.6059
0.108478 300.737 178.776 216.898 12.9111 355.892 77.0364 

0
0 0 0 0 0 0 
0
0.238067 0.00366461 0.544192 87.8253 0.935877 89.6059
0.108478 300.737 178.776 216.898 12.9111 355.892 77.0364 

0
0 0 0 0 0 0 
0
0.238067 0.00366461 0.544192 87.8253 0.935877 89.6059
0.108478 300.737 178.776 216.898 12.9111 355.892 77.0364 

0
0 0 0 0 0 0 
0
0.238067 0.00366461 0.544192 87.8253 0.935877 89.6059
0.108478 300.737 178.776 216.898 12.9111 355.892 77.0364 

0
0 0 0 0 0 0 
0
0.238067 0.00366461 0.544192 87.8253 0.935877 89.6059
0.108478 300.737 178.776 216.898 12.9111 355.892 77.0364 

0
0 0 0 0 0 0 
0
0.238067 0.00366461 0.544192 87.8253 0.935877 89.6059
0.108478 300.737 178.776 216.898 12.9111 355.892 77.0364 

0
0 0 0 0 0 0 
0
0.238067 0.00366461 0.544192 87.8253 0.935877 89.6059
0.108478 300.737 178.776 216.898 12.9111 355.892 77.0364 

0
0 0 0 0 0 0 
0
0.238067 0.00366461 0.544192 87.8253 0.935877 89.6059
0.108451 300.737 178.776 216.898 12.9111 355.892 77.0364 

0
0 0 0 0 0 0 
0
0.238067 0.00366461 0.544192 87.8253 0.935877 89.6059
0.108451 300.737 178.776 216.898 12.9111 355.892 77.0364 

0
0 0 0 0 0 0 
0
0.238067 0.00366461 0.544192 87.8253 0.935877 89.6059
0.108451 300.737 178.776 216.898 12.9111 355.892 77.0364 

0
0 0 0 0 0 0 
0
0.238067 0.00366461 0.544192 87.8253 0.935877 89.6059
0.108451 300.737 178.776 216.898 12.9111 355.892 77.0364 

0
0 0 0 0 0 0 
0
0.238067 0.00366461 0.544192 87.8253 0.935877 89.6059
0.108451 300.737 178.776 216.898 12.9111 355.892 77.0364 

0
0 0 0 0 0 0 
0
0.238067 0.00366461 0.544192 87.8253 0.935877 89.6059
0.108451 300.737 178.776 216.898 12.9111 355.892 77.0364 

0
0 0 0 0 0 0 
0
0.238067 0.00366461 0.544192 87.8253 0.935877 89.6059
0.108451 300.737 178.776 216.898 12.9111 355.892 77.0364 

0
0 0 0 0 0 0 
0
0.238067 0.00366461 0.544192 87.8253 0.935877 89.6059
0.108451 300.737 178.776 216.898 12.9111 355.892 77.0364 

0
0 0 0 0 0 0 
0
0.238067 0.00366461 0.544192 87.8253 0.935877 89.6059
0.108451 300.737 178.776 216.898 12.9111 355.892 77.0364 

0
0 0 0 0 0 0 
0
0.238067 0.00366461 0.544192 87.8253 0.935877 89.6059
0.108451 300.737 178.776 216.898 12.9111 355.892 77.0364 

0
0 0 0 0 0 0 
0
0.238067 0.00366461 0.544192 87.8253 0.935877 89.6059
0.108451 300.737 178.776 216.898 12.9111 355.892 77.0364 

0
0 0 0 0 0 0 
0
0.238067 0.00366461 0.544192 87.8253 0.935877 89.6059
0.108451 300.737 178.776 216.898 12.911 355.892 77.0364 

0
0 0 0 0 0 0 
0
0.238067 0.00366461 0.544192 87.8253 0.935877 89.6059
0.108451 300.737 178.776 216.898 12.911 355.892 77.0365 

0
0 0 0 0 0 0 
0
0.238067 0.00366461 0.544192 87.8253 0.935877 89.6059
0.108451 300.737 178.776 216.898 12.911 355.892 77.0365 

0
0 0 0 0 0 0 
0
0.238067 0.00366461 0.544192 87.8253 0.935877 89.6059
0.108451 300.737 178.776 216.898 12.911 355.892 77.0365 

0
0 0 0 0 0 0 
0
0.238067 0.00366461 0.544192 87.8253 0.935877 89.6059
0.108451 300.737 178.776 216.898 12.911 355.892 77.0365 

0
0 0 0 0 0 0 
0
0.238067 0.00366461 0.544192 87.8253 0.935877 89.6059
0.108451 300.737 178.776 216.898 12.911 355.892 77.0365 

0
0 0 0 0 0 0 
0
0.238067 0.00366461 0.544192 87.8253 0.935877 89.6059
0.108451 300.737 178.776 216.898 12.911 355.892 77.0365 

0
0 0 0 0 0 0 
0
0.238067 0.00366461 0.544192 87.8253 0.935877 89.6059
0.108451 300.737 178.776 216.898 12.911 355.892 77.0365 

0
0 0 0 0 0 0 
0
0.238067 0.00366461 0.544192 87.8253 0.935877 89.6059
0.108451 300.737 178.776 216.898 12.911 355.892 77.0365 

0
0 0 0 0 0 0 
0
0.238067 0.00366461 0.544192 87.8253 0.935877 89.6059
0.108425 300.737 178.776 216.898 12.911 355.892 77.0365 

0
0 0 0 0 0 0 
0
0.238067 0.00366461 0.544192 87.8253 0.935877 89.6059
0.108425 300.737 178.776 216.898 12.911 355.892 77.0365 

0
0 0 0 0 0 0 
0
0.238067 0.00366461 0.544192 87.8253 0.935877 89.6059
0.108425 300.737 178.776 216.898 12.911 355.892 77.0365 

0
0 0 0 0 0 0 
0
0.238067 0.00366461 0.544192 87.8253 0.935877 89.6059
0.108425 300.737 178.776 216.898 12.911 355.892 77.0365 

0
0 0 0 0 0 0 
0
0.238067 0.00366461 0.544192 87.8253 0.935877 89.6059
0.108425 300.737 178.776 216.898 12.911 355.892 77.0365 

0
0 0 0 0 0 0 
0
0.238067 0.00366461 0.544192 87.8253 0.935877 89.6059
0.108425 300.737 178.776 216.898 12.911 355.892 77.0365 

0
0 0 0 0 0 0 
0
0.238067 0.00366461 0.544192 87.8253 0.935877 89.6059
0.108425 300.737 178.776 216.898 12.911 355.892 77.0365 

0
0 0 0 0 0 0 
0
0.238067 0.00366461 0.544192 87.8253 0.935877 89.6059
0.108425 300.737 178.776 216.898 12.911 355.892 77.0365 

0
0 0 0 0 0 0 
0
0.238067 0.00366461 0.544192 87.8253 0.935877 89.6059
0.108425 300.737 178.776 216.898 12.911 355.892 77.0365 

0
0 0 0 0 0 0 
0
0.238067 0.00366461 0.544192 87.8253 0.935877 89.6059
0.108425 300.737 178.776 216.898 12.911 355.892 77.0365 

0
0 0 0 0 0 0 
0
0.238067 0.00366461 0.544192 87.8253 0.935877 89.6059
0.108425 300.737 178.776 216.898 12.911 355.892 77.0365 

0
0 0 0 0 0 0 
0
0.238067 0.00366461 0.544192 87.8253 0.935877 89.6059
TOTAL MODE SWITCHES: 0
0.108425 300.737 178.776 216.898 12.911 355.892 77.0365 

