*************************************** INFO ***************************************
Filename: RiceMasood3D_1907251414
Date: Thu Jul 25 14:14:22 2019
Task: Rice
Participant: Masood
************************************** FORMAT **************************************
mode
motion force command [linear_x linear_y linear_z angular_x angular_y angular_z]
gripper force command [open/close]
current pose [x y z theta_x theta_y theta_z]
current joint angles [j1 j2 j3 j4 j5 j6 j7]
************************************************************************************
0
0 0 0 0 0 0 
0
0.391254 0.0695546 0.637564 124.237 0.280128 125.084
335.011 344.245 207.218 276.121 332.9 294.321 130.64 

0
0 0 0 0 0 0 
0
0.391254 0.0695546 0.637564 124.237 0.280128 125.084
335.011 344.245 207.218 276.121 332.9 294.321 130.64 

0
0 0 0 0 0 0 
0
0.391254 0.0695546 0.637564 124.237 0.280128 125.084
335.011 344.245 207.218 276.121 332.9 294.321 130.64 

0
0 0 0 0 0 0 
0
0.391254 0.0695546 0.637564 124.237 0.280128 125.084
335.011 344.245 207.218 276.121 332.9 294.321 130.64 

0
0 0 0 0 0 0 
0
0.391254 0.0695546 0.637564 124.237 0.280128 125.084
335.011 344.245 207.218 276.121 332.9 294.321 130.64 

0
0 0 0 0 0 0 
0
0.391254 0.0695546 0.637564 124.237 0.280128 125.084
335.011 344.245 207.218 276.121 332.9 294.321 130.64 

0
0 0 0 0 0 0 
0
0.391254 0.0695546 0.637564 124.237 0.280128 125.084
335.011 344.245 207.218 276.121 332.9 294.321 130.64 

0
0 0 0 0 0 0 
0
0.391254 0.0695546 0.637564 124.237 0.280128 125.084
335.011 344.245 207.218 276.121 332.9 294.321 130.64 

0
0 0 0 0 0 0 
0
0.391254 0.0695546 0.637564 124.237 0.280128 125.084
335.011 344.245 207.218 276.121 332.9 294.321 130.64 

0
0 0 0 0 0 0 
0
0.391254 0.0695546 0.637564 124.237 0.280128 125.084
335.011 344.245 207.218 276.121 332.9 294.321 130.64 

0
0 0 0 0 0 0 
0
0.391254 0.0695546 0.637564 124.237 0.280128 125.084
335.011 344.245 207.218 276.121 332.9 294.321 130.64 

0
0 0 0 0 0 0 
0
0.391254 0.0695546 0.637564 124.237 0.280128 125.084
335.011 344.245 207.218 276.121 332.9 294.321 130.64 

0
0 0 0 0 0 0 
0
0.391254 0.0695546 0.637564 124.237 0.280128 125.084
335.011 344.245 207.218 276.121 332.9 294.321 130.64 

0
0 0 0 0 0 0 
0
0.391254 0.0695546 0.637564 124.237 0.280128 125.084
335.011 344.245 207.218 276.121 332.9 294.321 130.64 

0
0 0 0 0 0 0 
0
0.391254 0.0695546 0.637564 124.237 0.280128 125.084
335.011 344.245 207.218 276.121 332.9 294.321 130.64 

0
0 0 0 0 0 0 
0
0.391254 0.0695546 0.637564 124.237 0.280128 125.084
335.011 344.245 207.218 276.121 332.9 294.321 130.64 

0
0 0 0 0 0 0 
0
0.391254 0.0695546 0.637564 124.237 0.280128 125.084
335.011 344.245 207.218 276.121 332.9 294.321 130.64 

0
0 0 0 0 0 0 
0
0.391254 0.0695546 0.637564 124.237 0.280128 125.084
335.011 344.245 207.218 276.121 332.9 294.321 130.64 

0
0 0 0 0 0 0 
0
0.391254 0.0695546 0.637564 124.237 0.280128 125.084
335.011 344.245 207.218 276.121 332.9 294.321 130.64 

0
0 0 0 0 0 0 
0
0.391254 0.0695546 0.637564 124.237 0.280128 125.084
335.011 344.245 207.218 276.121 332.9 294.321 130.64 

0
0 0 0 0 0 0 
0
0.391254 0.0695546 0.637564 124.237 0.280128 125.084
335.011 344.245 207.218 276.121 332.9 294.321 130.64 

0
0 0 0 0 0 0 
0
0.391254 0.0695546 0.637564 124.237 0.280128 125.084
335.011 344.245 207.218 276.121 332.9 294.321 130.64 

0
0 0 0 0 0 0 
0
0.391254 0.0695546 0.637564 124.237 0.280128 125.084
335.011 344.245 207.218 276.121 332.9 294.321 130.64 

0
0 0 0 0 0 0 
0
0.391254 0.0695546 0.637564 124.237 0.280128 125.084
335.011 344.245 207.218 276.121 332.9 294.321 130.64 

0
0 0 0 0 0 0 
0
0.391254 0.0695546 0.637564 124.237 0.280128 125.084
335.011 344.245 207.218 276.121 332.9 294.321 130.64 

0
0 0 0 0 0 0 
0
0.391254 0.0695546 0.637564 124.237 0.280128 125.084
335.011 344.245 207.218 276.121 332.9 294.321 130.64 

0
0 0 0 0 0 0 
0
0.391254 0.0695546 0.637564 124.237 0.280128 125.084
335.011 344.245 207.218 276.121 332.9 294.321 130.64 

0
0 0 0 0 0 0 
0
0.391254 0.0695546 0.637564 124.237 0.280128 125.084
335.011 344.245 207.218 276.121 332.9 294.321 130.64 

0
0 0 0 0 0 0 
0
0.391254 0.0695546 0.637564 124.237 0.280128 125.084
335.011 344.245 207.218 276.121 332.9 294.321 130.64 

0
0 0 0 0 0 0 
0
0.391254 0.0695546 0.637564 124.237 0.280128 125.084
335.011 344.245 207.218 276.121 332.9 294.321 130.64 

0
0 0 0 0 0 0 
0
0.391254 0.0695546 0.637564 124.237 0.280128 125.084
335.011 344.245 207.218 276.121 332.9 294.321 130.64 

0
0 0 0 0 0 0 
0
0.391254 0.0695546 0.637564 124.237 0.280128 125.084
335.011 344.245 207.218 276.121 332.9 294.321 130.64 

0
0 0 0 0 0 0 
0
0.391254 0.0695546 0.637564 124.237 0.280128 125.084
335.011 344.245 207.218 276.121 332.9 294.321 130.64 

0
0 0 0 0 0 0 
0
0.391254 0.0695546 0.637564 124.237 0.280128 125.084
335.011 344.245 207.218 276.121 332.9 294.321 130.64 

0
0 0 0 0 0 0 
0
0.391254 0.0695546 0.637564 124.237 0.280128 125.084
335.011 344.245 207.218 276.121 332.9 294.321 130.64 

0
0 0 0 0 0 0 
0
0.391254 0.0695546 0.637564 124.237 0.280128 125.084
335.011 344.245 207.218 276.121 332.9 294.321 130.64 

0
0 0 0 0 0 0 
0
0.391254 0.0695546 0.637564 124.237 0.280128 125.084
335.011 344.245 207.218 276.121 332.9 294.321 130.64 

0
0 0 0 0 0 0 
0
0.391254 0.0695546 0.637564 124.237 0.280128 125.084
335.011 344.245 207.218 276.121 332.9 294.321 130.64 

0
0 0 0 0 0 0 
0
0.391254 0.0695546 0.637564 124.237 0.280128 125.084
335.011 344.245 207.218 276.121 332.9 294.321 130.64 

0
0 0 0 0 0 0 
0
0.391254 0.0695546 0.637564 124.237 0.280128 125.084
335.011 344.245 207.218 276.121 332.9 294.321 130.64 

0
0 0 0 0 0 0 
0
0.391254 0.0695546 0.637564 124.237 0.280128 125.084
335.011 344.245 207.218 276.121 332.9 294.321 130.64 

0
0 0 0 0 0 0 
0
0.391254 0.0695546 0.637564 124.237 0.280128 125.084
335.011 344.245 207.218 276.121 332.9 294.321 130.64 

0
0 0 0 0 0 0 
0
0.391254 0.0695546 0.637564 124.237 0.280128 125.084
335.011 344.245 207.218 276.121 332.9 294.321 130.64 

0
0 0 0 0 0 0 
0
0.391254 0.0695546 0.637564 124.237 0.280128 125.084
335.011 344.245 207.218 276.121 332.9 294.321 130.64 

0
0 0 0 0 0 0 
0
0.391254 0.0695546 0.637564 124.237 0.280128 125.084
335.011 344.245 207.218 276.121 332.9 294.321 130.64 

0
0 0 0 0 0 0 
0
0.391254 0.0695546 0.637564 124.237 0.280128 125.084
335.011 344.245 207.218 276.121 332.9 294.321 130.64 

0
0 0 0 0 0 0 
0
0.391254 0.0695546 0.637564 124.237 0.280128 125.084
335.011 344.245 207.218 276.121 332.9 294.321 130.64 

0
0 0 0 0 0 0 
0
0.391254 0.0695546 0.637564 124.237 0.280128 125.084
335.011 344.245 207.218 276.121 332.9 294.321 130.64 

0
0 0 0 0 0 0 
0
0.391254 0.0695546 0.637564 124.237 0.280128 125.084
335.011 344.245 207.218 276.121 332.9 294.321 130.64 

0
0 0 0 0 0 0 
0
0.391254 0.0695546 0.637564 124.237 0.280128 125.084
335.011 344.245 207.218 276.121 332.9 294.321 130.64 

0
0 0 0 0 0 0 
0
0.391254 0.0695546 0.637564 124.237 0.280128 125.084
335.011 344.245 207.218 276.121 332.9 294.321 130.64 

0
0 0 0 0 0 0 
0
0.391254 0.0695546 0.637564 124.237 0.280128 125.084
335.011 344.245 207.218 276.121 332.9 294.321 130.64 

0
0 0 0 0 0 0 
0
0.391254 0.0695546 0.637564 124.237 0.280128 125.084
335.011 344.245 207.218 276.121 332.9 294.321 130.64 

0
0 0 0 0 0 0 
0
0.391254 0.0695546 0.637564 124.237 0.280128 125.084
335.011 344.245 207.218 276.121 332.9 294.321 130.64 

0
0 0 0 0 0 0 
0
0.391254 0.0695546 0.637564 124.237 0.280128 125.084
335.011 344.245 207.218 276.121 332.9 294.321 130.64 

0
0 0 0 0 0 0 
0
0.391254 0.0695546 0.637564 124.237 0.280128 125.084
335.011 344.245 207.218 276.121 332.9 294.321 130.64 

0
0 0 0 0 0 0 
0
0.391254 0.0695546 0.637564 124.237 0.280128 125.084
335.011 344.245 207.218 276.121 332.9 294.321 130.64 

0
0 0 0 0 0 0 
0
0.391254 0.0695546 0.637564 124.237 0.280128 125.084
335.011 344.245 207.218 276.121 332.9 294.321 130.64 

0
0 0 0 0 0 0 
0
0.391254 0.0695546 0.637564 124.237 0.280128 125.084
335.011 344.245 207.218 276.121 332.9 294.321 130.64 

0
0 0 0 0 0 0 
0
0.391254 0.0695546 0.637564 124.237 0.280128 125.084
335.011 344.245 207.218 276.121 332.9 294.321 130.64 

0
0 0 0 0 0 0 
0
0.391254 0.0695546 0.637564 124.237 0.280128 125.084
335.011 344.245 207.218 276.121 332.9 294.321 130.64 

0
0 0 0 0 0 0 
0
0.391254 0.0695546 0.637564 124.237 0.280128 125.084
335.011 344.245 207.218 276.121 332.9 294.321 130.64 

0
0 0 0 0 0 0 
0
0.391254 0.0695546 0.637564 124.237 0.280128 125.084
335.011 344.245 207.218 276.121 332.9 294.321 130.64 

0
0 0 0 0 0 0 
0
0.391254 0.0695546 0.637564 124.237 0.280128 125.084
335.011 344.245 207.218 276.121 332.9 294.321 130.64 

0
0 0 0 0 0 0 
0
0.391254 0.0695546 0.637564 124.237 0.280128 125.084
335.011 344.245 207.218 276.121 332.9 294.321 130.64 

0
0 0 0 0 0 0 
0
0.391254 0.0695546 0.637564 124.237 0.280128 125.084
335.011 344.245 207.218 276.121 332.9 294.321 130.64 

0
0 0 0 0 0 0 
0
0.391254 0.0695546 0.637564 124.237 0.280128 125.084
335.011 344.245 207.218 276.121 332.9 294.321 130.64 

0
0 0 0 0 0 0 
0
0.391254 0.0695546 0.637564 124.237 0.280128 125.084
335.011 344.245 207.218 276.121 332.9 294.321 130.64 

0
0 0 0 0 0 0 
0
0.391254 0.0695546 0.637564 124.237 0.280128 125.084
335.011 344.245 207.218 276.121 332.9 294.321 130.64 

0
0 0 0 0 0 0 
0
0.391254 0.0695546 0.637564 124.237 0.280128 125.084
335.011 344.245 207.218 276.121 332.9 294.321 130.64 

0
0 0 0 0 0 0 
0
0.391254 0.0695546 0.637564 124.237 0.280128 125.084
335.011 344.245 207.218 276.121 332.9 294.321 130.64 

0
0 0 0 0 0 0 
0
0.391254 0.0695546 0.637564 124.237 0.280128 125.084
335.011 344.245 207.218 276.121 332.9 294.321 130.64 

0
0 0 0 0 0 0 
0
0.391254 0.0695546 0.637564 124.237 0.280128 125.084
335.011 344.245 207.218 276.121 332.9 294.321 130.64 

0
0 0 0 0 0 0 
0
0.391254 0.0695546 0.637564 124.237 0.280128 125.084
335.011 344.245 207.218 276.121 332.9 294.321 130.64 

0
0 0 0 0 0 0 
0
0.391254 0.0695546 0.637564 124.237 0.280128 125.084
335.011 344.245 207.218 276.121 332.9 294.321 130.64 

0
0 0 0 0 0 0 
0
0.391254 0.0695546 0.637564 124.237 0.280128 125.084
335.011 344.245 207.218 276.121 332.9 294.321 130.64 

0
0 0 0 0 0 0 
0
0.391254 0.0695546 0.637564 124.237 0.280128 125.084
335.011 344.245 207.218 276.121 332.9 294.321 130.64 

0
0 0 0 0 0 0 
0
0.391254 0.0695546 0.637564 124.237 0.280128 125.084
335.011 344.245 207.218 276.121 332.9 294.321 130.64 

0
0 0 0 0 0 0 
0
0.391254 0.0695546 0.637564 124.237 0.280128 125.084
335.011 344.245 207.218 276.121 332.9 294.321 130.64 

0
0 0 0 0 0 0 
0
0.391254 0.0695546 0.637564 124.237 0.280128 125.084
335.011 344.245 207.218 276.121 332.9 294.321 130.64 

0
0 0 0 0 0 0 
0
0.391254 0.0695546 0.637564 124.237 0.280128 125.084
335.011 344.245 207.218 276.121 332.9 294.321 130.64 

0
0 0 0 0 0 0 
0
0.391254 0.0695546 0.637564 124.237 0.280128 125.084
335.011 344.245 207.218 276.121 332.9 294.321 130.64 

0
0 0 0 0 0 0 
0
0.391254 0.0695546 0.637564 124.237 0.280128 125.084
335.011 344.245 207.218 276.121 332.9 294.321 130.64 

0
0 0 0 0 0 0 
0
0.391254 0.0695546 0.637564 124.237 0.280128 125.084
335.011 344.245 207.218 276.121 332.9 294.321 130.64 

0
0 0 0 0 0 0 
0
0.391254 0.0695546 0.637564 124.237 0.280128 125.084
335.011 344.245 207.218 276.121 332.9 294.321 130.64 

0
0 0 0 0 0 0 
0
0.391254 0.0695546 0.637564 124.237 0.280128 125.084
335.011 344.245 207.218 276.121 332.9 294.321 130.64 

0
0 0 0 0 0 0 
0
0.391254 0.0695546 0.637564 124.237 0.280128 125.084
335.011 344.245 207.218 276.121 332.9 294.321 130.64 

0
0 0 0 0 0 0 
0
0.391254 0.0695546 0.637564 124.237 0.280128 125.084
335.011 344.245 207.218 276.121 332.9 294.321 130.64 

0
0 0 0 0 0 0 
0
0.391254 0.0695546 0.637564 124.237 0.280128 125.084
335.011 344.245 207.218 276.121 332.9 294.321 130.64 

0
0 0 0 0 0 0 
0
0.391254 0.0695546 0.637564 124.237 0.280128 125.084
335.011 344.245 207.218 276.121 332.9 294.321 130.64 

0
0 0 0 0 0 0 
0
0.391254 0.0695546 0.637564 124.237 0.280128 125.084
335.011 344.245 207.218 276.121 332.9 294.321 130.64 

0
0 0 0 0 0 0 
0
0.391254 0.0695546 0.637564 124.237 0.280128 125.084
335.011 344.245 207.218 276.121 332.9 294.321 130.64 

0
0 0 0 0 0 0 
0
0.391254 0.0695546 0.637564 124.237 0.280128 125.084
335.011 344.245 207.218 276.121 332.9 294.321 130.64 

0
0 0 0 0 0 0 
0
0.391254 0.0695546 0.637564 124.237 0.280128 125.084
335.011 344.245 207.218 276.121 332.9 294.321 130.64 

0
0 0 0 0 0 0 
0
0.391254 0.0695546 0.637564 124.237 0.280128 125.084
335.011 344.245 207.218 276.121 332.9 294.321 130.64 

0
0 0 0 0 0 0 
0
0.391254 0.0695546 0.637564 124.237 0.280128 125.084
335.011 344.245 207.218 276.121 332.9 294.321 130.64 

0
0 0 0 0 0 0 
0
0.391254 0.0695546 0.637564 124.237 0.280128 125.084
335.011 344.245 207.218 276.121 332.9 294.321 130.64 

0
0 0 0 0 0 0 
0
0.391254 0.0695546 0.637564 124.237 0.280128 125.084
335.011 344.245 207.218 276.121 332.9 294.321 130.64 

0
0 0 0 0 0 0 
0
0.391254 0.0695546 0.637564 124.237 0.280128 125.084
335.011 344.245 207.218 276.121 332.9 294.321 130.64 

0
0 0 0 0 0 0 
0
0.391254 0.0695546 0.637564 124.237 0.280128 125.084
335.011 344.245 207.218 276.121 332.9 294.321 130.64 

0
0 0 0 0 0 0 
0
0.391254 0.0695546 0.637564 124.237 0.280128 125.084
335.011 344.245 207.218 276.121 332.9 294.321 130.64 

0
0 0 0 0 0 0 
0
0.391254 0.0695546 0.637564 124.237 0.280128 125.084
335.011 344.245 207.218 276.121 332.9 294.321 130.64 

0
0 0 0 0 0 0 
0
0.391254 0.0695546 0.637564 124.237 0.280128 125.084
335.011 344.245 207.218 276.121 332.9 294.321 130.64 

0
0 0 0 0 0 0 
0
0.391254 0.0695546 0.637564 124.237 0.280128 125.084
335.011 344.245 207.218 276.121 332.9 294.321 130.64 

0
0 0 0 0 0 0 
0
0.391254 0.0695546 0.637564 124.237 0.280128 125.084
335.011 344.245 207.218 276.121 332.9 294.321 130.64 

0
0 0 0 0 0 0 
0
0.391254 0.0695546 0.637564 124.237 0.280128 125.084
335.011 344.245 207.218 276.121 332.9 294.321 130.64 

0
0 0 0 0 0 0 
0
0.391254 0.0695546 0.637564 124.237 0.280128 125.084
335.011 344.245 207.218 276.121 332.9 294.321 130.64 

0
0 0 0 0 0 0 
0
0.391254 0.0695546 0.637564 124.237 0.280128 125.084
335.011 344.245 207.218 276.121 332.9 294.321 130.64 

0
0 0 0 0 0 0 
0
0.391254 0.0695546 0.637564 124.237 0.280128 125.084
335.011 344.245 207.218 276.121 332.9 294.321 130.64 

0
0 0 0 0 0 0 
0
0.391254 0.0695546 0.637564 124.237 0.280128 125.084
335.011 344.245 207.218 276.121 332.9 294.321 130.64 

0
0 0 0 0 0 0 
0
0.391254 0.0695546 0.637564 124.237 0.280128 125.084
335.011 344.245 207.218 276.121 332.9 294.321 130.64 

0
0 0 0 0 0 0 
0
0.391254 0.0695546 0.637564 124.237 0.280128 125.084
335.011 344.245 207.218 276.121 332.9 294.321 130.64 

0
0 0 0 0 0 0 
0
0.391254 0.0695546 0.637564 124.237 0.280128 125.084
335.011 344.245 207.218 276.121 332.9 294.321 130.64 

0
0 0 0 0 0 0 
0
0.391254 0.0695546 0.637564 124.237 0.280128 125.084
335.011 344.245 207.218 276.121 332.9 294.321 130.64 

0
0 0 0 0 0 0 
0
0.391254 0.0695546 0.637564 124.237 0.280128 125.084
335.011 344.245 207.218 276.121 332.9 294.321 130.64 

0
0 0 0 0 0 0 
0
0.391254 0.0695546 0.637564 124.237 0.280128 125.084
335.011 344.245 207.218 276.121 332.9 294.321 130.64 

0
0 0 0 0 0 0 
0
0.391254 0.0695546 0.637564 124.237 0.280128 125.084
335.011 344.245 207.218 276.121 332.9 294.321 130.64 

0
0 0 0 0 0 0 
0
0.391254 0.0695546 0.637564 124.237 0.280128 125.084
335.011 344.245 207.218 276.121 332.9 294.321 130.64 

0
0 0 0 0 0 0 
0
0.391254 0.0695546 0.637564 124.237 0.280128 125.084
335.011 344.245 207.218 276.121 332.9 294.321 130.64 

0
0 0 0 0 0 0 
0
0.391254 0.0695546 0.637564 124.237 0.280128 125.084
335.011 344.245 207.218 276.121 332.9 294.321 130.64 

0
0 0 0 0 0 0 
0
0.391254 0.0695546 0.637564 124.237 0.280128 125.084
335.011 344.245 207.218 276.121 332.9 294.321 130.64 

0
0 0 0 0 0 0 
0
0.391254 0.0695546 0.637564 124.237 0.280128 125.084
335.011 344.245 207.218 276.121 332.9 294.321 130.64 

0
0 0 0 0 0 0 
0
0.391254 0.0695546 0.637564 124.237 0.280128 125.084
335.011 344.245 207.218 276.121 332.9 294.321 130.64 

0
0 0 0 0 0 0 
0
0.391254 0.0695546 0.637564 124.237 0.280128 125.084
335.011 344.245 207.218 276.121 332.9 294.321 130.64 

0
0 0 0 0 0 0 
0
0.391254 0.0695546 0.637564 124.237 0.280128 125.084
335.011 344.245 207.218 276.121 332.9 294.321 130.64 

0
0 0 0 0 0 0 
0
0.391254 0.0695546 0.637564 124.237 0.280128 125.084
335.011 344.245 207.218 276.121 332.9 294.321 130.64 

0
0 0 0 0 0 0 
0
0.391254 0.0695546 0.637564 124.237 0.280128 125.084
335.011 344.245 207.218 276.121 332.9 294.321 130.64 

0
0 0 0 0 0 0 
0
0.391254 0.0695546 0.637564 124.237 0.280128 125.084
335.011 344.245 207.218 276.121 332.9 294.321 130.64 

0
0 0 0 0 0 0 
0
0.391254 0.0695546 0.637564 124.237 0.280128 125.084
335.011 344.245 207.218 276.121 332.9 294.321 130.64 

0
0 0 0 0 0 0 
0
0.391254 0.0695546 0.637564 124.237 0.280128 125.084
335.011 344.245 207.218 276.121 332.9 294.321 130.64 

0
0 0 0 0 0 0 
0
0.391254 0.0695546 0.637564 124.237 0.280128 125.084
335.011 344.245 207.218 276.121 332.9 294.321 130.64 

0
0 0 0 0 0 0 
0
0.391254 0.0695546 0.637564 124.237 0.280128 125.084
335.011 344.245 207.218 276.121 332.9 294.321 130.64 

0
0 0 0 0 0 0 
0
0.391254 0.0695546 0.637564 124.237 0.280128 125.084
335.011 344.245 207.218 276.121 332.9 294.321 130.64 

0
0 0 0 0 0 0 
0
0.391254 0.0695546 0.637564 124.237 0.280128 125.084
335.011 344.245 207.218 276.121 332.9 294.321 130.64 

0
0 0 0 0 0 0 
0
0.391254 0.0695546 0.637564 124.237 0.280128 125.084
335.011 344.245 207.218 276.121 332.9 294.321 130.64 

0
0 0 0 0 0 0 
0
0.391254 0.0695546 0.637564 124.237 0.280128 125.084
335.011 344.245 207.218 276.121 332.9 294.321 130.64 

0
0 0 0 0 0 0 
0
0.391254 0.0695546 0.637564 124.237 0.280128 125.084
335.011 344.245 207.218 276.121 332.9 294.321 130.64 

0
0 0 0 0 0 0 
0
0.391254 0.0695546 0.637564 124.237 0.280128 125.084
335.011 344.245 207.218 276.121 332.9 294.321 130.64 

0
0 0 0 0 0 0 
0
0.391254 0.0695546 0.637564 124.237 0.280128 125.084
335.011 344.245 207.218 276.121 332.9 294.321 130.64 

0
0 0 0 0 0 0 
0
0.391254 0.0695546 0.637564 124.237 0.280128 125.084
335.011 344.245 207.218 276.121 332.9 294.321 130.64 

0
0 0 0 0 0 0 
0
0.391254 0.0695546 0.637564 124.237 0.280128 125.084
335.011 344.245 207.218 276.121 332.9 294.321 130.64 

0
0 0 0 0 0 0 
0
0.391254 0.0695546 0.637564 124.237 0.280128 125.084
335.011 344.245 207.218 276.121 332.9 294.321 130.64 

0
0 0 0 0 0 0 
0
0.391254 0.0695546 0.637564 124.237 0.280128 125.084
335.011 344.245 207.218 276.121 332.9 294.321 130.64 

0
0 0 0 0 0 0 
0
0.391254 0.0695546 0.637564 124.237 0.280128 125.084
335.011 344.245 207.218 276.121 332.9 294.321 130.64 

0
0 0 0 0 0 0 
0
0.391254 0.0695546 0.637564 124.237 0.280128 125.084
335.011 344.245 207.218 276.121 332.9 294.321 130.64 

0
0 0 0 0 0 0 
0
0.391254 0.0695546 0.637564 124.237 0.280128 125.084
335.011 344.245 207.218 276.121 332.9 294.321 130.64 

0
0 0 0 0 0 0 
0
0.391254 0.0695546 0.637564 124.237 0.280128 125.084
335.011 344.245 207.218 276.121 332.9 294.321 130.64 

0
0 0 0 0 0 0 
0
0.391254 0.0695546 0.637564 124.237 0.280128 125.084
335.011 344.245 207.218 276.121 332.9 294.321 130.64 

0
0 0.2 0 0 0 0 
0
0.391254 0.0697549 0.637564 124.237 0.280264 125.084
335.013 344.245 207.115 276.107 332.939 294.371 130.557 

0
0 0.3 0 0 0 0 
0
0.391255 0.0708729 0.637562 124.237 0.280218 125.084
335.027 344.245 206.908 276.084 333.017 294.467 130.402 

0
0 0.3 0 0 0 0 
0
0.391254 0.0723101 0.637562 124.237 0.280046 125.084
335.083 344.245 206.416 276.026 333.217 294.706 130.009 

0
0 0.3 0 0 0 0 
0
0.391253 0.076356 0.637563 124.238 0.280063 125.084
335.147 344.246 205.763 275.959 333.48 295.021 129.474 

0
0 0.3 0 0 0 0 
0
0.391253 0.0787431 0.637564 124.237 0.280015 125.084
335.194 344.257 205.295 275.908 333.681 295.257 129.083 

0
0 0.3 0 0 0 0 
0
0.391253 0.081109 0.637566 124.237 0.280113 125.084
335.237 344.265 204.835 275.857 333.873 295.483 128.698 

0
0 0.3 0 0 0 0 
0
0.391254 0.0834284 0.637566 124.237 0.280125 125.084
335.281 344.277 204.391 275.817 334.061 295.707 128.316 

0
0 0.3 0 0 0 0 
0
0.391254 0.085715 0.637566 124.237 0.280111 125.084
335.325 344.288 203.957 275.779 334.248 295.918 127.945 

0
0 0.3 0 0 0 0 
0
0.391254 0.0879849 0.637567 124.237 0.280048 125.084
335.383 344.321 203.312 275.725 334.523 296.233 127.395 

0
0 0.2 0 0 0 0 
0
0.391255 0.091304 0.637566 124.237 0.279844 125.084
335.422 344.333 202.91 275.694 334.7 296.426 127.04 

0
0 0 0 0 0 0 
0
0.391255 0.0940934 0.637564 124.238 0.279838 125.084
335.469 344.361 202.406 275.656 334.928 296.682 126.601 

0
0 0 0 0 0 0 
0
0.391255 0.0954433 0.637563 124.238 0.279863 125.084
335.485 344.372 202.19 275.641 335.024 296.794 126.397 

0
0 0 0 0 0 0 
0
0.391255 0.0961992 0.637562 124.238 0.279823 125.084
335.492 344.38 202.077 275.633 335.082 296.853 126.279 

0
0 0 0 0 0 0 
0
0.391254 0.0965888 0.637562 124.238 0.279809 125.084
335.504 344.384 202.027 275.632 335.109 296.878 126.233 

0
0 0 0 0 0 0 
0
0.391254 0.0967774 0.637562 124.238 0.279797 125.084
335.506 344.385 202.008 275.631 335.117 296.888 126.212 

0
0 0 0 0 0 0 
0
0.391255 0.0968661 0.637558 124.238 0.279575 125.084
335.506 344.386 202.005 275.63 335.12 296.893 126.206 

0
0 0 0 0 0 0 
0
0.391253 0.0969051 0.637565 124.237 0.279882 125.084
335.506 344.386 202.005 275.63 335.123 296.895 126.204 

0
0 0 0 0 0 0 
0
0.391252 0.0969242 0.637568 124.237 0.280002 125.085
335.506 344.386 202.005 275.63 335.123 296.896 126.203 

0
0 0 0 0 0 0 
0
0.391251 0.0969331 0.637569 124.237 0.280006 125.085
335.506 344.386 202.005 275.63 335.123 296.896 126.203 

0
0 0 0 0 0 0 
0
0.391249 0.0969385 0.63757 124.237 0.279621 125.085
335.506 344.386 202.005 275.63 335.123 296.896 126.203 

0
0 0 0 0 0 0 
0
0.391249 0.0969395 0.63757 124.237 0.279631 125.085
335.506 344.386 202.005 275.63 335.123 296.896 126.203 

0
0 0 0 0 0 0 
0
0.391249 0.0969395 0.63757 124.237 0.279631 125.085
335.506 344.386 202.005 275.63 335.123 296.896 126.203 

0
0 0 0 0 0 0 
0
0.391249 0.0969395 0.63757 124.237 0.279631 125.085
335.506 344.386 202.005 275.63 335.123 296.896 126.203 

0
0 0 0 0 0 0 
0
0.391249 0.0969395 0.63757 124.237 0.279631 125.085
335.506 344.385 202.005 275.63 335.123 296.896 126.203 

0
0 0 0 0 0 0 
0
0.391249 0.0969395 0.63757 124.237 0.279631 125.085
335.506 344.385 202.005 275.63 335.123 296.896 126.203 

0
0 0 0 0 0 0 
0
0.391249 0.0969395 0.63757 124.237 0.279631 125.085
335.506 344.385 202.006 275.63 335.123 296.896 126.203 

0
0 0 0 0 0 0 
0
0.391249 0.0969395 0.63757 124.237 0.279631 125.085
335.506 344.385 202.006 275.63 335.123 296.896 126.203 

0
0 0 0 0 0 0 
0
0.391249 0.0969395 0.63757 124.237 0.279631 125.085
335.506 344.385 202.006 275.63 335.123 296.896 126.203 

0
0 0 0 0 0 0 
0
0.391249 0.0969395 0.63757 124.237 0.279631 125.085
335.506 344.385 202.006 275.63 335.123 296.896 126.203 

0
0 0 0 0 0 0 
0
0.391249 0.0969395 0.63757 124.237 0.279631 125.085
335.506 344.385 202.006 275.63 335.123 296.896 126.203 

0
0 0 0 0 0 0 
0
0.391249 0.0969395 0.63757 124.237 0.279631 125.085
335.506 344.385 202.006 275.63 335.123 296.896 126.203 

0
0 0 0 0 0 0 
0
0.391249 0.0969395 0.63757 124.237 0.279631 125.085
TOTAL MODE SWITCHES: 0
335.506 344.385 202.007 275.63 335.123 296.896 126.203 

