*************************************** INFO ***************************************
Filename: PourMasood6D_1907251444
Date: Thu Jul 25 14:44:31 2019
Task: Pour
Participant: Masood
************************************** FORMAT **************************************
mode
motion force command [linear_x linear_y linear_z angular_x angular_y angular_z]
gripper force command [open/close]
current pose [x y z theta_x theta_y theta_z]
current joint angles [j1 j2 j3 j4 j5 j6 j7]
************************************************************************************
0.238067 0.00366462 0.544192 87.8253 0.935858 89.6059
0.238067 0.00366462 0.544192 87.8253 0.935858 89.6059
0.238067 0.00366462 0.544192 87.8253 0.935858 89.6059
0.238067 0.00366462 0.544192 87.8253 0.935858 89.6059
0.238067 0.00366462 0.544192 87.8253 0.935858 89.6059
0.238067 0.00366462 0.544192 87.8253 0.935858 89.6059
0.238067 0.00366462 0.544192 87.8253 0.935858 89.6059
0.238067 0.00366462 0.544192 87.8253 0.935858 89.6059
0.238067 0.00366462 0.544192 87.8253 0.935858 89.6059
0.238067 0.00366462 0.544192 87.8253 0.935858 89.6059
0.238067 0.00366462 0.544192 87.8253 0.935858 89.6059
0.238067 0.00366462 0.544192 87.8253 0.935858 89.6059
0.238067 0.00366462 0.544192 87.8253 0.935858 89.6059
0.238067 0.00366462 0.544192 87.8253 0.935858 89.6059
0.238067 0.00366462 0.544192 87.8253 0.935858 89.6059
0.238067 0.00366462 0.544192 87.8253 0.935858 89.6059
0.238067 0.00366462 0.544192 87.8253 0.935858 89.6059
0.238067 0.00366462 0.544192 87.8253 0.935858 89.6059
0.238067 0.00366462 0.544192 87.8253 0.935858 89.6059
0.238067 0.00366462 0.544192 87.8253 0.935858 89.6059
0.238067 0.00366462 0.544192 87.8253 0.935858 89.6059
0.238067 0.00366462 0.544192 87.8253 0.935858 89.6059
0.238067 0.00366462 0.544192 87.8253 0.935858 89.6059
0.238067 0.00366462 0.544192 87.8253 0.935858 89.6059
0.238067 0.00366462 0.544192 87.8253 0.935858 89.6059
0.238067 0.00366462 0.544192 87.8253 0.935858 89.6059
0.238076 0.00366472 0.544193 87.8253 0.935867 89.6059
0.238251 0.00366487 0.544193 87.8253 0.935901 89.606
0.239424 0.00366511 0.544184 87.8253 0.935957 89.606
0.241194 0.00366488 0.543822 87.8254 0.935963 89.606
0.242847 0.00366508 0.543316 87.8254 0.935963 89.6061
0.245825 0.00366548 0.542349 87.8253 0.935999 89.6061
0.248148 0.00366654 0.541639 87.8253 0.936118 89.6063
0.250764 0.00366661 0.540906 87.8254 0.936124 89.6063
0.253567 0.0036665 0.540164 87.8253 0.93611 89.6063
0.256473 0.00366644 0.539419 87.8253 0.936132 89.6062
0.259429 0.0036663 0.53867 87.8253 0.936138 89.6062
0.26241 0.00366629 0.53792 87.8253 0.936147 89.6062
0.265822 0.00366635 0.537065 87.8253 0.936163 89.6062
0.268399 0.00366633 0.53642 87.8253 0.936174 89.6062
0.271398 0.00366629 0.535671 87.8252 0.936188 89.6062
0.274397 0.00366668 0.534922 87.8252 0.936217 89.6063
0.277338 0.00366625 0.534186 87.8252 0.936205 89.6062
0.280398 0.00366658 0.533421 87.8252 0.936214 89.6062
0.283398 0.0036667 0.532671 87.8252 0.936231 89.6063
0.286399 0.00366692 0.531921 87.8252 0.936237 89.6063
0.289399 0.00366703 0.53117 87.8253 0.936265 89.6063
0.292399 0.00366713 0.53042 87.8253 0.93626 89.6063
0.295399 0.00366719 0.52967 87.8252 0.936266 89.6063
0.2984 0.00366697 0.52892 87.8252 0.936286 89.6063
0.3014 0.00366702 0.52817 87.8253 0.936322 89.6063
0.3044 0.00366726 0.527419 87.8254 0.936346 89.6063
0.30656 0.00366685 0.526879 87.8254 0.93632 89.6063
0.30656 0.00366685 0.526879 87.8254 0.93632 89.6063
0.30656 0.00366685 0.526879 87.8254 0.93632 89.6063
0.30656 0.00366685 0.526879 87.8254 0.93632 89.6063
0.30656 0.00366685 0.526879 87.8254 0.93632 89.6063
0.30656 0.00366685 0.526879 87.8254 0.93632 89.6063
0.30656 0.00366685 0.526879 87.8254 0.93632 89.6063
0.30656 0.00366685 0.526879 87.8254 0.93632 89.6063
0.306614 0.00366684 0.526865 87.8254 0.936324 89.6063
0.306978 0.00366669 0.526833 87.8254 0.936333 89.6062
0.308099 0.00366649 0.526748 87.8254 0.936314 89.6062
0.308712 0.00366628 0.526709 87.8254 0.936307 89.6062
0.30902 0.00366641 0.52669 87.8254 0.936327 89.6062
0.309166 0.00366641 0.526682 87.8254 0.936306 89.6062
0.309234 0.00366629 0.52668 87.8253 0.936303 89.6062
0.309265 0.00366663 0.526677 87.8254 0.936276 89.6062
0.309278 0.00366578 0.526675 87.8256 0.936382 89.606
0.309284 0.00366691 0.526675 87.8256 0.936162 89.6063
0.309286 0.00366726 0.526674 87.8256 0.936048 89.6065
0.309287 0.0036674 0.526674 87.8256 0.935996 89.6065
0.309288 0.00366747 0.526674 87.8257 0.935984 89.6065
0.309488 0.00366731 0.526674 87.8256 0.935942 89.6065
0.311272 0.00366757 0.526674 87.8255 0.935936 89.6066
0.315672 0.00366852 0.526674 87.8256 0.935942 89.6067
0.322778 0.00366928 0.526675 87.8571 0.935982 89.6068
0.328745 0.00366942 0.526676 87.9603 0.935996 89.6068
0.332634 0.00366978 0.526676 88.0143 0.93602 89.6069
0.336459 0.00366978 0.526676 88.0453 0.936008 89.6069
0.342132 0.00367024 0.526676 88.0676 0.936018 89.607
0.349651 0.00367061 0.526676 88.1444 0.936049 89.607
0.353404 0.00367043 0.526676 88.2022 0.936041 89.607
0.357156 0.00367052 0.526675 88.2868 0.936049 89.607
0.360908 0.00367056 0.526675 88.3904 0.936042 89.607
0.364658 0.00367024 0.526675 88.5049 0.936024 89.607
0.368409 0.00367024 0.526675 88.625 0.936045 89.607
0.37216 0.003671 0.526675 88.7477 0.936059 89.6071
0.375911 0.00366969 0.526676 88.8717 0.936053 89.6069
0.379662 0.00366982 0.526676 88.9963 0.93603 89.6069
0.383413 0.00367004 0.526676 89.1211 0.936006 89.6069
0.387164 0.00367022 0.526677 89.2461 0.936011 89.607
0.390914 0.00367008 0.526676 89.3711 0.935998 89.6069
0.394665 0.00367022 0.526676 89.4961 0.935996 89.607
0.398416 0.00367047 0.526676 89.6211 0.935983 89.607
0.402166 0.0036709 0.526676 89.7461 0.93599 89.6071
0.405917 0.00367136 0.526675 89.8711 0.935998 89.6072
0.409668 0.00367181 0.526674 89.9962 0.936001 89.6072
0.413418 0.00367167 0.526674 90.1212 0.936003 89.6072
0.419044 0.003671 0.526605 90.3088 0.935981 89.6071
0.42467 0.0036712 0.526058 90.4964 0.935979 89.6071
0.431982 0.00367213 0.524213 90.7465 0.935995 89.6072
0.438493 0.00367251 0.520746 90.9948 0.93599 89.6073
0.444618 0.00367209 0.515384 91.1459 0.936009 89.6072
0.449074 0.00367061 0.510008 91.1833 0.936034 89.607
0.453036 0.00367025 0.503784 91.1958 0.936056 89.607
0.456278 0.00366832 0.49722 91.1995 0.936033 89.6067
0.459731 0.00366664 0.489074 91.2009 0.936045 89.6065
0.462646 0.00366601 0.483109 91.2011 0.936042 89.6064
0.464667 0.00366518 0.479941 91.2011 0.936029 89.6064
0.465702 0.00366178 0.47875 91.2011 0.936016 89.6059
0.46599 0.0036634 0.476738 91.2011 0.936019 89.6061
0.466054 0.00366323 0.472292 91.201 0.936025 89.6061
0.466066 0.00366259 0.465367 91.201 0.936015 89.606
0.466069 0.00366143 0.458634 91.201 0.936026 89.6059
0.46607 0.00366147 0.454137 91.201 0.936049 89.6059
0.466071 0.00365126 0.452545 91.201 0.936022 89.6059
0.466071 0.00286615 0.451852 91.2009 0.935969 89.6074
0.466071 0.00044661 0.451699 91.2026 0.933829 89.7082
0.466071 -0.00233171 0.451672 91.2062 0.929189 89.9298
0.466071 -0.00442038 0.451666 91.2103 0.923929 90.1798
0.466071 -0.00659432 0.451664 91.2152 0.917395 90.4892
0.46607 -0.0099266 0.451662 91.2235 0.906322 91.0087
0.466071 -0.0142227 0.451662 91.2334 0.89272 91.6432
0.466072 -0.0175398 0.451662 91.2402 0.883281 92.0831
0.466071 -0.0191432 0.451662 91.2429 0.879517 92.2559
0.46607 -0.0200546 0.451462 91.2441 0.87777 92.3342
0.46607 -0.0202825 0.449677 91.2444 0.877373 92.352
0.46607 -0.0203314 0.445278 91.2444 0.877332 92.3555
0.466071 -0.0203391 0.440147 91.2444 0.877306 92.3562
0.466071 -0.020342 0.432639 91.2444 0.877335 92.3563
0.46607 -0.0203432 0.426417 91.2445 0.87733 92.3563
0.46607 -0.020343 0.423294 91.2445 0.877307 92.3563
0.466071 -0.0203432 0.420818 91.2444 0.877363 92.3563
0.466071 -0.0203432 0.420818 91.2444 0.877363 92.3563
0.466071 -0.0203432 0.420818 91.2444 0.877363 92.3563
0.466071 -0.0203432 0.420818 91.2444 0.877363 92.3563
0.466071 -0.0203432 0.420818 91.2444 0.877363 92.3563
0.466071 -0.0203432 0.420818 91.2444 0.877363 92.3563
0.466071 -0.0203432 0.420818 91.2444 0.877363 92.3563
0.466071 -0.0203432 0.420766 91.2444 0.87736 92.3563
0.466071 -0.0203432 0.420766 91.2444 0.87736 92.3563
0.466071 -0.0203432 0.420766 91.2444 0.87736 92.3563
0.466071 -0.0203432 0.420766 91.2444 0.87736 92.3563
0.466071 -0.0203432 0.420766 91.2444 0.87736 92.3563
0.466071 -0.0203432 0.420766 91.2444 0.87736 92.3563
0.466071 -0.0203432 0.420766 91.2444 0.87736 92.3563
0.466071 -0.0203432 0.420766 91.2444 0.87736 92.3563
0.466071 -0.0203432 0.420766 91.2444 0.87736 92.3563
0.468617 -0.0203429 0.417641 91.2444 0.877371 92.3563
0.473581 -0.0203412 0.412293 91.2445 0.877377 92.3565
0.476952 -0.0203408 0.409398 91.2446 0.87737 92.3566
0.485015 -0.0203392 0.403666 91.2446 0.877383 92.3568
0.493007 -0.0203375 0.399274 91.2446 0.877375 92.357
0.49894 -0.0203369 0.396675 91.2446 0.877388 92.357
0.501577 -0.0203368 0.395939 91.2446 0.877381 92.3571
0.502487 -0.0203368 0.39574 91.2446 0.877386 92.3571
0.502957 -0.0203363 0.395647 91.2446 0.877353 92.3571
0.503185 -0.0203368 0.395604 91.2446 0.87737 92.357
0.503292 -0.0203358 0.395585 91.2446 0.877323 92.3572
0.50334 -0.020338 0.395576 91.2447 0.877377 92.3569
0.503361 -0.0203368 0.395572 91.2447 0.877415 92.357
0.503375 -0.0203397 0.395371 91.2446 0.877417 92.3567
0.503377 -0.0205383 0.393786 91.2446 0.877395 92.3568
0.503378 -0.0221121 0.391361 91.2446 0.877426 92.3569
0.503378 -0.0241227 0.389625 91.2446 0.877412 92.3569
0.503378 -0.0248099 0.389216 91.2446 0.87737 92.3569
0.503378 -0.0252038 0.389007 91.2446 0.877366 92.357
0.503378 -0.025406 0.388906 91.2446 0.877361 92.3571
0.503378 -0.0255043 0.388859 91.2445 0.877359 92.3571
0.503377 -0.0255498 0.388837 91.2446 0.877335 92.3571
0.503378 -0.025571 0.388829 91.2444 0.877385 92.3571
0.503379 -0.0255801 0.388825 91.2443 0.877393 92.3571
0.503379 -0.0255844 0.388813 91.2443 0.877349 92.3572
0.503379 -0.0255863 0.388018 91.2443 0.877321 92.3572
0.503379 -0.0255862 0.384993 91.2443 0.877334 92.3573
0.503379 -0.0255869 0.379551 91.2443 0.877306 92.3572
0.503379 -0.0255865 0.374316 91.2442 0.877262 92.3572
0.50338 -0.0255871 0.371815 91.2441 0.877288 92.3572
0.50338 -0.025587 0.370937 91.2441 0.877275 92.3572
0.50338 -0.0255874 0.370481 91.2441 0.877295 92.3571
0.50339 -0.0255867 0.370197 91.2441 0.8773 92.3572
0.504184 -0.0255873 0.370085 91.2441 0.877319 92.3571
0.507188 -0.0255871 0.369482 91.2441 0.877329 92.3572
0.511441 -0.0255866 0.368832 91.2442 0.877312 92.3572
0.513732 -0.0255866 0.368657 91.2442 0.877308 92.3572
0.514557 -0.0255862 0.36861 91.2442 0.8773 92.3573
0.51499 -0.0255858 0.368589 91.2441 0.877307 92.3573
0.515201 -0.0255862 0.36858 91.2441 0.877317 92.3573
0.5153 -0.0255855 0.368576 91.2441 0.87726 92.3573
0.515345 -0.0255869 0.368573 91.2441 0.877386 92.3572
0.515366 -0.0255871 0.368572 91.2441 0.877311 92.3571
0.515374 -0.0255907 0.368572 91.2441 0.877282 92.3568
0.515378 -0.0255922 0.368572 91.2441 0.877278 92.3566
0.515379 -0.0255927 0.368571 91.2442 0.877248 92.3565
0.515379 -0.0255929 0.368571 91.2443 0.877222 92.3565
0.515379 -0.0255929 0.368571 91.2443 0.877222 92.3565
0.515379 -0.0255929 0.368571 91.2443 0.877222 92.3565
0.515379 -0.0255929 0.368571 91.2443 0.877222 92.3565
0.515379 -0.0255929 0.368571 91.2443 0.877222 92.3565
0.515379 -0.0255929 0.368571 91.2443 0.877222 92.3565
0.515379 -0.0255929 0.368571 91.2443 0.877222 92.3565
0.515379 -0.0255929 0.368571 91.2443 0.877222 92.3565
0.515379 -0.0255929 0.368571 91.2443 0.877222 92.3565
0.515379 -0.0255929 0.368571 91.2443 0.877222 92.3565
0.515379 -0.0255929 0.368571 91.2443 0.877222 92.3565
0.515379 -0.0255929 0.368571 91.2443 0.877222 92.3565
0.515379 -0.0255929 0.368571 91.2443 0.877222 92.3565
0.515379 -0.0255929 0.368571 91.2443 0.877222 92.3565
0.515379 -0.0255929 0.368571 91.2443 0.877222 92.3565
0.515379 -0.0255929 0.368571 91.2443 0.877222 92.3565
0.515379 -0.0255929 0.368571 91.2443 0.877222 92.3565
0.515379 -0.0255929 0.368571 91.2443 0.877222 92.3565
0.515379 -0.0255929 0.368571 91.2443 0.877222 92.3565
0.515379 -0.0255929 0.368571 91.2443 0.877222 92.3565
0.515379 -0.0255929 0.368571 91.2443 0.877222 92.3565
0.515379 -0.0255929 0.368571 91.2443 0.877222 92.3565
0.515379 -0.0255929 0.368571 91.2443 0.877222 92.3565
0.515379 -0.0255929 0.368571 91.2443 0.877222 92.3565
0.515379 -0.0255929 0.368571 91.2443 0.877222 92.3565
0.515379 -0.0255929 0.368571 91.2443 0.877222 92.3565
0.515379 -0.0255929 0.368571 91.2443 0.877222 92.3565
0.515379 -0.0255929 0.368571 91.2443 0.877222 92.3565
0.515379 -0.0255929 0.368571 91.2443 0.877222 92.3565
0.515379 -0.0255929 0.368571 91.2443 0.877222 92.3565
0.515379 -0.0255929 0.368571 91.2443 0.877222 92.3565
0.515379 -0.0255929 0.368571 91.2443 0.877222 92.3565
0.515379 -0.0255929 0.368571 91.2443 0.877222 92.3565
0.515379 -0.0255929 0.368571 91.2443 0.877222 92.3565
0.515379 -0.0255929 0.368571 91.2443 0.877222 92.3565
0.515379 -0.0255929 0.368571 91.2443 0.877222 92.3565
0.515379 -0.0255929 0.368571 91.2443 0.877222 92.3565
0.515379 -0.0255929 0.368571 91.2443 0.877222 92.3565
0.515379 -0.0255929 0.368571 91.2443 0.877222 92.3565
0.515379 -0.0255929 0.368571 91.2443 0.877222 92.3565
0.515379 -0.0255929 0.368571 91.2443 0.877222 92.3565
0.515379 -0.0255929 0.368571 91.2443 0.877222 92.3565
0.515379 -0.0255929 0.368571 91.2443 0.877222 92.3565
0.515379 -0.0255929 0.368571 91.2443 0.877222 92.3565
0.515379 -0.0255929 0.368571 91.2443 0.877222 92.3565
0.515379 -0.0255929 0.368571 91.2443 0.877222 92.3565
0.515379 -0.0255929 0.368571 91.2443 0.877222 92.3565
0.515379 -0.0255929 0.368571 91.2443 0.877222 92.3565
0.515379 -0.0255929 0.368571 91.2443 0.877222 92.3565
0.515379 -0.0255929 0.368571 91.2443 0.877222 92.3565
0.515379 -0.0255929 0.368571 91.2443 0.877222 92.3565
0.515379 -0.0255929 0.368571 91.2443 0.877222 92.3565
0.515379 -0.0255929 0.368571 91.2443 0.877222 92.3565
0.515379 -0.0255929 0.368571 91.2443 0.877222 92.3565
0.515379 -0.0255929 0.368571 91.2443 0.877222 92.3565
0.515379 -0.0255929 0.368571 91.2443 0.877222 92.3565
0.515379 -0.0255929 0.368571 91.2443 0.877222 92.3565
0.515379 -0.0255929 0.368571 91.2443 0.877222 92.3565
0.515379 -0.0255929 0.368571 91.2443 0.877222 92.3565
0.515379 -0.0255929 0.368571 91.2443 0.877222 92.3565
0.515379 -0.0255929 0.368571 91.2443 0.877222 92.3565
0.515379 -0.0255929 0.368571 91.2443 0.877222 92.3565
0.515379 -0.0255929 0.368571 91.2443 0.877222 92.3565
0.515379 -0.0255929 0.368571 91.2443 0.877222 92.3565
0.515379 -0.0255929 0.368571 91.2443 0.877222 92.3565
0.515379 -0.0255929 0.368571 91.2443 0.877222 92.3565
0.515379 -0.0255929 0.368571 91.2443 0.877222 92.3565
0.515379 -0.0255929 0.368571 91.2443 0.877222 92.3565
0.515379 -0.0255929 0.368571 91.2443 0.877222 92.3565
0.515379 -0.0255929 0.368571 91.2443 0.877222 92.3565
0.515379 -0.0255929 0.368571 91.2443 0.877222 92.3565
0.515379 -0.0255929 0.368571 91.2443 0.877222 92.3565
0.515379 -0.0255929 0.368571 91.2443 0.877222 92.3565
0.515379 -0.0255929 0.368571 91.2443 0.877222 92.3565
0.515379 -0.0255929 0.368571 91.2443 0.877222 92.3565
0.515379 -0.0255929 0.368571 91.2443 0.877222 92.3565
0.515379 -0.0255929 0.368571 91.2443 0.877222 92.3565
0.515379 -0.0255929 0.368571 91.2443 0.877222 92.3565
0.515379 -0.0255929 0.368571 91.2443 0.877222 92.3565
0.515379 -0.0255929 0.368571 91.2443 0.877222 92.3565
0.515379 -0.0255929 0.368571 91.2443 0.877222 92.3565
0.515379 -0.0255929 0.368571 91.2443 0.877222 92.3565
0.515379 -0.0255929 0.368571 91.2443 0.877222 92.3565
0.515379 -0.0255929 0.368571 91.2443 0.877222 92.3565
0.515379 -0.0255929 0.368571 91.2443 0.877222 92.3565
0.515379 -0.0255929 0.368571 91.2443 0.877222 92.3565
0.515379 -0.0255929 0.368571 91.2443 0.877222 92.3565
0.515379 -0.0255929 0.368571 91.2443 0.877222 92.3565
0.515379 -0.0255929 0.368571 91.2443 0.877222 92.3565
0.515379 -0.0255929 0.368571 91.2443 0.877222 92.3565
0.515379 -0.0255929 0.368571 91.2443 0.877222 92.3565
0.515379 -0.0255929 0.368571 91.2443 0.877222 92.3565
0.515379 -0.0255929 0.368571 91.2443 0.877222 92.3565
0.515379 -0.0255929 0.368571 91.2443 0.877222 92.3565
0.515379 -0.0255929 0.368571 91.2443 0.877222 92.3565
0.515379 -0.0255929 0.368571 91.2443 0.877222 92.3565
0.515379 -0.0255929 0.368571 91.2443 0.877222 92.3565
0.515379 -0.0255929 0.368571 91.2443 0.877222 92.3565
0.515379 -0.0255929 0.368571 91.2443 0.877222 92.3565
0.515379 -0.0255929 0.368571 91.2443 0.877222 92.3565
0.515379 -0.0255929 0.368571 91.2443 0.877222 92.3565
0.515379 -0.0255929 0.368571 91.2443 0.877222 92.3565
0.515379 -0.0255929 0.368571 91.2443 0.877222 92.3565
0.515379 -0.0255929 0.368571 91.2443 0.877222 92.3565
0.515379 -0.0255929 0.368571 91.2443 0.877222 92.3565
0.515379 -0.0255929 0.368571 91.2443 0.877222 92.3565
0.515379 -0.0255929 0.368571 91.2443 0.877222 92.3565
0.515379 -0.0255929 0.368571 91.2443 0.877222 92.3565
0.515379 -0.0255929 0.368571 91.2443 0.877222 92.3565
0.515379 -0.0255929 0.368571 91.2443 0.877222 92.3565
0.515379 -0.0255929 0.368571 91.2443 0.877222 92.3565
0.515379 -0.0255929 0.368571 91.2443 0.877222 92.3565
0.515379 -0.0255929 0.368571 91.2443 0.877222 92.3565
0.515379 -0.0255929 0.368571 91.2443 0.877222 92.3565
0.515379 -0.0255929 0.368571 91.2443 0.877222 92.3565
0.515379 -0.0255929 0.368571 91.2443 0.877222 92.3565
0.515379 -0.0255929 0.368571 91.2443 0.877222 92.3565
0.515379 -0.0255929 0.368571 91.2443 0.877222 92.3565
0.515379 -0.0255929 0.368571 91.2443 0.877222 92.3565
0.515379 -0.0255929 0.368571 91.2443 0.877222 92.3565
0.515379 -0.0255929 0.368571 91.2443 0.877222 92.3565
0.515379 -0.0255929 0.368571 91.2443 0.877222 92.3565
0.515379 -0.0255929 0.368571 91.2443 0.877222 92.3565
0.515379 -0.0255929 0.368571 91.2443 0.877222 92.3565
0.515379 -0.0255929 0.368571 91.2443 0.877222 92.3565
0.515379 -0.0255929 0.368571 91.2443 0.877222 92.3565
0.515379 -0.0255929 0.368571 91.2443 0.877222 92.3565
0.515379 -0.0255929 0.368571 91.2443 0.877222 92.3565
0.515379 -0.0255929 0.368571 91.2443 0.877222 92.3565
0.515379 -0.0255929 0.368571 91.2443 0.877222 92.3565
0.515379 -0.0255929 0.368571 91.2443 0.877222 92.3565
0.515379 -0.0255929 0.368571 91.2443 0.877222 92.3565
0.515379 -0.0255929 0.368571 91.2443 0.877222 92.3565
0.515379 -0.0255929 0.368571 91.2443 0.877222 92.3565
0.515379 -0.0255929 0.368571 91.2443 0.877222 92.3565
0.515379 -0.0255929 0.368571 91.2443 0.877222 92.3565
0.515379 -0.0255929 0.368571 91.2443 0.877222 92.3565
0.515379 -0.0255929 0.368571 91.2443 0.877222 92.3565
0.515379 -0.0255929 0.368571 91.2443 0.877222 92.3565
0.515379 -0.0255929 0.368571 91.2443 0.877222 92.3565
0.515379 -0.0255929 0.368571 91.2443 0.877222 92.3565
0.515379 -0.0255929 0.368571 91.2443 0.877222 92.3565
0.515379 -0.0255929 0.368571 91.2443 0.877222 92.3565
0.515379 -0.0255929 0.368571 91.2443 0.877222 92.3565
0.515379 -0.0255929 0.368571 91.2443 0.877222 92.3565
0.515379 -0.0255929 0.368571 91.2443 0.877222 92.3565
0.515379 -0.0255929 0.368571 91.2443 0.877222 92.3565
0.515379 -0.0255929 0.368571 91.2443 0.877222 92.3565
0.515379 -0.0255929 0.368571 91.2443 0.877222 92.3565
0.515379 -0.0255929 0.368571 91.2443 0.877222 92.3565
0.515379 -0.0255929 0.368571 91.2443 0.877222 92.3565
0.515379 -0.0255929 0.368571 91.2443 0.877222 92.3565
0.515379 -0.0255929 0.368571 91.2443 0.877222 92.3565
0.515379 -0.0255929 0.368571 91.2443 0.877222 92.3565
0.515379 -0.0255927 0.368581 91.2443 0.877238 92.3565
0.515379 -0.0255923 0.368761 91.2443 0.877243 92.3566
0.515379 -0.0255924 0.369175 91.2443 0.877237 92.3565
0.515379 -0.0255922 0.370143 91.2442 0.877232 92.3566
0.515379 -0.0255923 0.371138 91.2443 0.877238 92.3566
0.515379 -0.0255921 0.372367 91.2443 0.877223 92.3566
0.515379 -0.0255925 0.373732 91.2443 0.877227 92.3565
0.515379 -0.0255923 0.375168 91.2443 0.877219 92.3566
0.515379 -0.0255903 0.376639 91.2443 0.877204 92.3568
0.515379 -0.0255938 0.378126 91.2444 0.877222 92.3564
0.515379 -0.0255947 0.380379 91.2443 0.877205 92.3563
0.515379 -0.0255947 0.382058 91.2443 0.877196 92.3563
0.515379 -0.0255949 0.383972 91.2443 0.877204 92.3562
0.515379 -0.0255949 0.386047 91.2442 0.877217 92.3562
0.515379 -0.0255946 0.388213 91.2442 0.877205 92.3563
0.515379 -0.0255958 0.390423 91.2443 0.877216 92.3561
0.515379 -0.0255937 0.392656 91.2442 0.877218 92.3564
0.515379 -0.025597 0.394898 91.2442 0.877302 92.356
0.515379 -0.0255986 0.397144 91.2443 0.87732 92.3558
0.515379 -0.0255992 0.399392 91.2443 0.877327 92.3558
0.515379 -0.0255993 0.401643 91.2442 0.877322 92.3558
0.515378 -0.0255991 0.403893 91.2442 0.877328 92.3558
0.515378 -0.025599 0.408204 91.2443 0.877307 92.3575
0.515379 -0.0255991 0.411527 91.2457 0.875154 92.4582
0.515379 -0.0257996 0.413651 91.2504 0.868508 92.7638
0.515379 -0.0273945 0.414708 91.2577 0.858012 93.2425
0.51538 -0.0306055 0.415 91.2678 0.842906 93.9291
0.515379 -0.0329168 0.415049 91.2755 0.831159 94.4581
0.515379 -0.0347627 0.415065 91.2822 0.820837 94.92
0.515379 -0.0380742 0.415077 91.2945 0.801168 95.7959
0.51538 -0.0413633 0.415079 91.3063 0.781681 96.6537
0.51538 -0.0450399 0.415081 91.3201 0.7582 97.6765
0.51538 -0.0476183 0.415082 91.3307 0.73937 98.4927
0.51537 -0.0488227 0.415082 91.338 0.725959 99.0697
0.514576 -0.0491484 0.415082 91.3426 0.717499 99.4305
0.512617 -0.0492108 0.415082 91.3452 0.712571 99.6408
0.510613 -0.0492257 0.415082 91.3468 0.709515 99.7713
0.508156 -0.0492325 0.415082 91.3484 0.706505 99.8988
0.505428 -0.0492352 0.415082 91.3499 0.703502 100.025
0.501161 -0.0492372 0.415083 91.3522 0.699062 100.213
0.498504 -0.0492378 0.415083 91.3537 0.696106 100.338
0.496027 -0.0492374 0.415082 91.3553 0.693134 100.463
0.493662 -0.0492378 0.415083 91.3567 0.690197 100.588
0.491356 -0.0492377 0.415083 91.3582 0.687204 100.713
0.48908 -0.0492356 0.415083 91.3597 0.684212 100.838
0.486818 -0.0492363 0.415083 91.3612 0.681263 100.963
0.484562 -0.0492362 0.415083 91.3627 0.678319 101.088
0.48231 -0.049236 0.415083 91.3642 0.67536 101.213
0.480058 -0.0492362 0.415084 91.3656 0.672402 101.338
0.477808 -0.0492363 0.415084 91.367 0.669431 101.463
0.475557 -0.0492365 0.415084 91.3685 0.666466 101.588
0.473306 -0.0492365 0.415084 91.37 0.663421 101.713
0.471056 -0.0492367 0.415085 91.3714 0.660425 101.838
0.468806 -0.0492363 0.415085 91.3729 0.657421 101.963
0.466555 -0.0492362 0.415085 91.3743 0.654409 102.088
0.464304 -0.0492362 0.415085 91.3757 0.651428 102.213
0.462054 -0.0492366 0.415085 91.3772 0.648462 102.338
0.459804 -0.0492359 0.415084 91.3786 0.645374 102.463
0.457554 -0.0492357 0.415084 91.38 0.642387 102.588
0.454246 -0.0492355 0.415084 91.3821 0.637865 102.776
0.452299 -0.0492353 0.415084 91.3835 0.634867 102.901
0.449121 -0.0492356 0.415084 91.3863 0.628918 103.149
0.447978 -0.0492356 0.415083 91.3873 0.626642 103.244
0.446661 -0.0492352 0.415084 91.388 0.624876 103.317
0.446148 -0.0492348 0.415084 91.3883 0.624387 103.338
0.445873 -0.0492348 0.415084 91.3883 0.624169 103.347
0.445736 -0.0492352 0.415084 91.3884 0.624072 103.352
0.445642 -0.0492253 0.415084 91.3882 0.624782 103.323
0.445623 -0.0486217 0.415084 91.386 0.62955 103.127
0.445619 -0.0467875 0.415085 91.3813 0.639834 102.703
0.445619 -0.0443049 0.415086 91.3751 0.652832 102.162
0.445618 -0.0429591 0.415086 91.3695 0.662763 101.677
0.445618 -0.0426369 0.415087 91.3666 0.608586 101.422
0.445618 -0.0425317 0.415087 91.3654 0.465609 101.293
0.445618 -0.042499 0.415087 91.365 0.206359 101.241
0.445619 -0.0424897 0.415087 91.365 -0.186992 101.216
0.445618 -0.0424869 0.415087 91.3651 -0.539942 101.204
0.445619 -0.042486 0.415087 91.3652 -0.958391 101.193
0.445619 -0.0424848 0.415087 91.3654 -1.4172 101.181
0.445619 -0.0424855 0.415087 91.3657 -1.89741 101.169
0.44562 -0.0424847 0.415087 91.3667 -2.8509 101.146
0.445621 -0.0424845 0.415087 91.3676 -3.54592 101.13
0.445621 -0.0424947 0.415087 91.368 -3.8064 101.124
0.44562 -0.0432893 0.415087 91.3682 -3.91858 101.121
0.44562 -0.0452486 0.415086 91.3683 -3.94043 101.12
0.44562 -0.0472524 0.415086 91.3683 -3.94569 101.12
0.44562 -0.0497092 0.415085 91.3684 -3.94803 101.12
0.445621 -0.0524374 0.415085 91.3683 -3.94901 101.12
0.445621 -0.0553083 0.415085 91.3683 -3.94939 101.12
0.445621 -0.0582503 0.415085 91.3683 -3.94956 101.12
0.445611 -0.0627171 0.415085 91.3683 -3.94968 101.12
0.445431 -0.0657104 0.415085 91.3684 -3.94973 101.12
0.445017 -0.0687076 0.415086 91.3683 -3.94974 101.12
0.444441 -0.0717065 0.415085 91.3683 -3.94974 101.12
0.443776 -0.0747075 0.415085 91.3683 -3.94972 101.12
0.443067 -0.0777075 0.415085 91.3683 -3.9497 101.12
0.441965 -0.0821402 0.415085 91.3683 -3.94972 101.12
0.44122 -0.0848372 0.415085 91.3683 -3.94976 101.12
0.440088 -0.0885293 0.415085 91.3683 -3.94978 101.12
0.438671 -0.0920146 0.415085 91.3683 -3.9498 101.12
0.437718 -0.0942919 0.415084 91.3684 -3.94987 101.119
0.436433 -0.0976828 0.415084 91.3683 -3.94994 101.121
0.434866 -0.102 0.415094 91.3615 -3.95231 101.22
0.433352 -0.105322 0.415689 91.3473 -3.95711 101.426
0.431849 -0.107458 0.416929 91.3354 -3.96104 101.597
0.430537 -0.1091 0.418562 91.328 -3.96354 101.705
0.430028 -0.110038 0.421242 91.3257 -3.96417 101.737
0.429919 -0.110268 0.424441 91.3252 -3.96427 101.743
0.429892 -0.110328 0.427225 91.3251 -3.96426 101.745
0.429879 -0.110355 0.430447 91.3251 -3.96429 101.745
0.429874 -0.110368 0.433932 91.3251 -3.96432 101.746
0.42987 -0.110386 0.441058 91.3251 -3.96435 101.746
0.429869 -0.110982 0.44752 91.323 -3.96509 101.778
0.429869 -0.112412 0.452855 91.3114 -3.96893 101.945
0.429869 -0.114855 0.456462 91.2886 -3.97635 102.273
0.429869 -0.118313 0.458651 91.2549 -3.98704 102.759
0.429869 -0.121507 0.459558 91.2214 -3.99741 103.24
0.429869 -0.123996 0.459837 91.1967 -4.00481 103.593
0.429869 -0.126723 0.459976 91.1712 -4.01227 103.958
0.429869 -0.129588 0.460041 91.1452 -4.01972 104.329
0.429868 -0.133999 0.460079 91.1058 -4.03068 104.89
0.429868 -0.139367 0.460093 91.0551 -4.04418 105.609
0.429868 -0.143338 0.460095 91.0138 -4.05472 106.194
0.429868 -0.145476 0.460096 90.984 -4.0621 106.615
0.429858 -0.146083 0.460095 90.972 -4.06502 106.784
0.429064 -0.146324 0.460095 90.9666 -4.06634 106.861
0.427047 -0.146369 0.460094 90.9656 -4.06663 106.877
0.423616 -0.146382 0.460094 90.9652 -4.06671 106.881
0.42063 -0.146385 0.460094 90.9651 -4.06676 106.882
0.417275 -0.146386 0.460094 90.9651 -4.0668 106.883
0.411905 -0.146386 0.460094 90.9651 -4.06684 106.883
0.408395 -0.146386 0.460094 90.9651 -4.06686 106.883
0.40356 -0.146385 0.460093 90.9651 -4.06684 106.883
0.399448 -0.146395 0.460093 90.9651 -4.06689 106.883
0.394642 -0.147191 0.460093 90.9652 -4.0669 106.883
0.390666 -0.150026 0.460094 90.963 -4.06747 106.915
0.388982 -0.152156 0.460094 90.958 -4.0687 106.984
0.387392 -0.154678 0.460094 90.9512 -4.07026 107.08
0.385156 -0.15887 0.460094 90.9392 -4.07304 107.25
0.383426 -0.163271 0.460094 90.9254 -4.07616 107.443
0.382497 -0.166248 0.460093 90.913 -4.07896 107.618
0.38166 -0.169239 0.460094 90.8981 -4.08227 107.827
0.380869 -0.172235 0.460093 90.8817 -4.08585 108.057
0.3801 -0.175233 0.460093 90.8645 -4.08957 108.298
0.379236 -0.178653 0.460093 90.8445 -4.09374 108.578
0.378588 -0.181233 0.460093 90.8292 -4.09684 108.792
0.377471 -0.185734 0.460093 90.8024 -4.10218 109.167
0.376564 -0.191545 0.460093 90.7667 -4.10897 109.666
0.376304 -0.196367 0.460093 90.738 -4.11422 110.066
0.376245 -0.199803 0.460093 90.724 -4.11666 110.261
0.376237 -0.200812 0.460092 90.7214 -4.11713 110.297
0.376234 -0.20137 0.460092 90.7201 -4.11734 110.314
0.376233 -0.201651 0.460092 90.7195 -4.11748 110.322
0.376232 -0.201786 0.460092 90.7193 -4.11755 110.326
0.376231 -0.201849 0.460092 90.7192 -4.11757 110.328
0.376231 -0.201877 0.460092 90.7191 -4.11757 110.328
0.376232 -0.201888 0.460092 90.7191 -4.11761 110.329
0.376233 -0.201902 0.460092 90.7191 -4.11764 110.329
0.376233 -0.202698 0.460091 90.7191 -4.11764 110.329
0.376233 -0.204716 0.460091 90.7191 -4.11761 110.329
0.376233 -0.208069 0.460091 90.7191 -4.11758 110.329
0.376233 -0.212807 0.460092 90.7191 -4.11755 110.329
0.376233 -0.215202 0.460091 90.7192 -4.11754 110.329
0.376233 -0.216054 0.460091 90.7192 -4.11757 110.329
0.376233 -0.216498 0.460091 90.7192 -4.11761 110.329
0.376233 -0.216714 0.460091 90.7192 -4.11766 110.329
0.376233 -0.216816 0.460091 90.7192 -4.11764 110.329
0.376233 -0.216861 0.460091 90.7191 -4.11765 110.329
0.376232 -0.216884 0.460091 90.7192 -4.11765 110.329
0.376235 -0.21689 0.460091 90.7191 -4.11937 110.33
0.376236 -0.216893 0.460092 90.7191 -4.19082 110.329
0.376235 -0.216894 0.460092 90.7192 -4.32561 110.327
0.376234 -0.216897 0.460092 90.7195 -4.61975 110.323
0.376232 -0.216901 0.460092 90.7198 -4.90957 110.319
0.376231 -0.216904 0.460091 90.7202 -5.21325 110.315
0.376229 -0.216908 0.460091 90.7206 -5.48533 110.311
0.376227 -0.216911 0.460091 90.721 -5.80494 110.306
0.376227 -0.216911 0.460091 90.7218 -6.3435 110.299
0.376229 -0.216909 0.460091 90.7228 -6.98581 110.291
0.37623 -0.216908 0.460091 90.7235 -7.4839 110.285
0.376231 -0.216905 0.460091 90.725 -8.33069 110.275
0.376232 -0.216904 0.460091 90.7262 -8.96045 110.267
0.376233 -0.216902 0.460091 90.7276 -9.6428 110.258
0.376233 -0.216902 0.460091 90.7292 -10.3583 110.249
0.376233 -0.216905 0.460091 90.731 -11.0918 110.239
0.376232 -0.216907 0.46009 90.733 -11.8342 110.229
0.376231 -0.216909 0.46009 90.735 -12.5808 110.219
0.376229 -0.216911 0.46009 90.7373 -13.3293 110.209
0.376228 -0.216913 0.46009 90.7397 -14.0788 110.199
0.376227 -0.216915 0.46009 90.7422 -14.8285 110.188
0.376226 -0.216917 0.460089 90.7449 -15.5784 110.178
0.376225 -0.216919 0.460089 90.7477 -16.3284 110.167
0.376225 -0.216921 0.460089 90.7508 -17.0784 110.157
0.376224 -0.216923 0.460089 90.7539 -17.8285 110.146
0.376222 -0.216925 0.460089 90.7572 -18.5785 110.135
0.376221 -0.216927 0.460089 90.7606 -19.3285 110.125
0.37622 -0.216929 0.460089 90.7642 -20.0786 110.114
0.376219 -0.216931 0.460088 90.768 -20.8287 110.103
0.376218 -0.216933 0.460088 90.772 -21.5787 110.091
0.376217 -0.216935 0.460088 90.7761 -22.3288 110.08
0.376217 -0.216937 0.460088 90.7803 -23.0788 110.069
0.376215 -0.216939 0.460087 90.7848 -23.8288 110.057
0.376214 -0.216941 0.460087 90.7895 -24.5789 110.046
0.376214 -0.216943 0.460086 90.7944 -25.329 110.034
0.376213 -0.216946 0.460087 90.7994 -26.0789 110.022
0.376211 -0.216947 0.460087 90.8047 -26.829 110.01
0.37621 -0.21695 0.460086 90.8101 -27.579 109.998
0.376209 -0.216952 0.460086 90.8158 -28.329 109.985
0.376208 -0.216954 0.460086 90.8217 -29.0791 109.973
0.376207 -0.216955 0.460086 90.8278 -29.8291 109.96
0.376206 -0.216958 0.460086 90.8342 -30.5791 109.947
0.376205 -0.21696 0.460085 90.8408 -31.3291 109.934
0.376204 -0.216962 0.460085 90.8477 -32.0791 109.921
0.376204 -0.216965 0.460085 90.8548 -32.8291 109.907
0.376202 -0.216966 0.460085 90.8622 -33.5791 109.893
0.376202 -0.216968 0.460084 90.8699 -34.3292 109.879
0.3762 -0.216971 0.460084 90.8779 -35.0792 109.865
0.3762 -0.216973 0.460084 90.8861 -35.8292 109.851
0.376198 -0.216975 0.460084 90.8947 -36.5792 109.836
0.376197 -0.216977 0.460084 90.9036 -37.3292 109.821
0.376196 -0.216978 0.460083 90.9128 -38.0792 109.806
0.376195 -0.21698 0.460083 90.9224 -38.8292 109.79
0.376194 -0.216982 0.460083 90.9323 -39.5792 109.774
0.376193 -0.216984 0.460083 90.9426 -40.3293 109.758
0.376192 -0.216985 0.460082 90.9534 -41.0793 109.741
0.376191 -0.216988 0.460082 90.9645 -41.8293 109.724
0.37619 -0.21699 0.460082 90.9761 -42.5793 109.706
0.376189 -0.216991 0.460082 90.9881 -43.3293 109.688
0.376188 -0.216994 0.460082 91.0006 -44.0793 109.67
0.376187 -0.216995 0.460082 91.0135 -44.8293 109.651
0.376186 -0.216997 0.460082 91.027 -45.5793 109.632
0.376185 -0.216999 0.460081 91.041 -46.3293 109.612
0.376184 -0.217001 0.460082 91.0557 -47.0792 109.592
0.376183 -0.217003 0.460082 91.0709 -47.8292 109.571
0.376182 -0.217005 0.460081 91.0867 -48.5792 109.549
0.376181 -0.217007 0.460081 91.1033 -49.3292 109.527
0.37618 -0.217009 0.460081 91.1205 -50.0791 109.504
0.376179 -0.217011 0.460081 91.1385 -50.8291 109.48
0.376178 -0.217014 0.460081 91.1572 -51.579 109.456
0.376177 -0.217016 0.460081 91.1768 -52.3289 109.431
0.376176 -0.217018 0.460081 91.1972 -53.0789 109.405
0.376175 -0.21702 0.46008 91.2186 -53.8289 109.378
0.376174 -0.217022 0.46008 91.241 -54.5788 109.35
0.376173 -0.217024 0.46008 91.2644 -55.3287 109.321
0.376172 -0.217026 0.46008 91.289 -56.0786 109.291
0.376171 -0.217028 0.46008 91.3148 -56.8285 109.26
0.37617 -0.21703 0.460081 91.3418 -57.5784 109.228
0.376169 -0.217032 0.46008 91.3703 -58.3283 109.194
0.376168 -0.217034 0.46008 91.4002 -59.0782 109.158
0.376167 -0.217036 0.46008 91.4316 -59.828 109.122
0.376166 -0.217038 0.46008 91.4647 -60.5779 109.083
0.376165 -0.21704 0.46008 91.4998 -61.3277 109.043
0.376164 -0.217042 0.460079 91.5368 -62.0776 109
0.376163 -0.217044 0.460079 91.5758 -62.8275 108.956
0.376162 -0.217046 0.460078 91.6173 -63.5774 108.909
0.376161 -0.217048 0.460078 91.6613 -64.3272 108.86
0.376159 -0.21705 0.460068 91.7325 -65.4519 108.781
0.37616 -0.217049 0.459888 91.7838 -66.2016 108.725
0.37616 -0.21705 0.459474 91.8385 -66.9513 108.665
0.37616 -0.217048 0.458898 91.897 -67.7011 108.602
0.37616 -0.21705 0.458233 91.9597 -68.4507 108.534
0.37616 -0.217049 0.457523 92.0271 -69.2004 108.462
0.376161 -0.217047 0.45679 92.0995 -69.95 108.385
0.376163 -0.217044 0.456049 92.1776 -70.6996 108.303
0.376164 -0.217041 0.455303 92.2621 -71.4492 108.214
0.376165 -0.217038 0.454554 92.354 -72.1988 108.117
0.376167 -0.217035 0.45344 92.5077 -73.3229 107.957
0.376167 -0.217035 0.452869 92.6226 -74.0723 107.837
0.376167 -0.217036 0.452534 92.7489 -74.8215 107.706
0.376167 -0.217035 0.45236 92.8884 -75.5707 107.562
0.376167 -0.217034 0.452275 93.0433 -76.3198 107.402
0.376168 -0.217034 0.452235 93.2164 -77.0688 107.224
0.376167 -0.217035 0.452217 93.4112 -77.8176 107.025
0.376166 -0.217036 0.452208 93.6318 -78.5663 106.799
0.376165 -0.217038 0.452204 93.8835 -79.3148 106.542
0.376164 -0.21704 0.452203 94.1734 -80.063 106.247
0.376163 -0.217041 0.452203 94.5107 -80.811 105.905
0.376162 -0.217043 0.452202 94.9082 -81.5586 105.503
0.376161 -0.217045 0.452202 95.3831 -82.3057 105.023
0.37616 -0.217047 0.452202 95.9601 -83.0521 104.441
0.376159 -0.217049 0.452202 96.6767 -83.7977 103.719
0.376158 -0.21705 0.452202 97.5892 -84.542 102.802
0.376158 -0.217052 0.452202 98.7901 -85.2845 101.596
0.376157 -0.217054 0.452202 100.439 -86.0241 99.9414
0.376156 -0.217057 0.452201 102.84 -86.7589 97.5357
0.376155 -0.217058 0.452201 106.637 -87.4848 93.7336
0.376153 -0.21706 0.452201 113.452 -88.1907 86.9133
0.376152 -0.217062 0.452201 128.36 -88.8397 72.0011
0.376151 -0.217064 0.4522 167.494 -89.2625 32.8615
0.37615 -0.217066 0.4522 39.3462 -90.9312 161.004
0.376149 -0.217068 0.4522 61.7518 -91.5217 138.594
0.376148 -0.21707 0.4522 70.9875 -92.2111 129.353
0.376147 -0.217072 0.4522 75.7677 -92.9305 124.568
0.376146 -0.217074 0.4522 78.651 -93.6622 121.679
0.376145 -0.217076 0.4522 80.5702 -94.4002 119.755
0.376144 -0.217078 0.4522 81.9366 -95.1416 118.384
0.376143 -0.217081 0.4522 82.9576 -95.8853 117.358
0.376143 -0.217083 0.4522 83.7489 -96.6303 116.561
0.376141 -0.217087 0.4522 84.8739 -98.0901 115.426
0.376331 -0.217086 0.4522 85.5474 -99.3204 114.745
0.377321 -0.217086 0.452201 85.9481 -100.25 114.339
0.378506 -0.217086 0.452201 86.1493 -100.79 114.134
0.37899 -0.217085 0.452201 86.2394 -101.051 114.042
0.37911 -0.217086 0.452201 86.3555 -101.407 113.924
0.379136 -0.217085 0.452201 86.5761 -102.152 113.699
0.379141 -0.217082 0.452201 86.7984 -103.008 113.471
0.379144 -0.217078 0.452201 87.0744 -104.259 113.188
0.379141 -0.217085 0.4522 87.2677 -105.295 112.987
0.379138 -0.217091 0.452199 87.4011 -106.102 112.848
0.379138 -0.217092 0.452199 87.496 -106.731 112.748
0.379138 -0.217091 0.452199 87.5917 -107.417 112.648
0.379139 -0.21709 0.452199 87.6839 -108.135 112.552
0.37914 -0.217088 0.452199 87.771 -108.87 112.46
0.37914 -0.217087 0.452199 87.8522 -109.613 112.374
0.379141 -0.217086 0.452198 87.9624 -110.722 112.257
0.379143 -0.217083 0.452198 88.0258 -111.42 112.189
0.379144 -0.217081 0.452198 88.0824 -112.085 112.129
0.379145 -0.21708 0.452198 88.1341 -112.731 112.073
0.379146 -0.217078 0.452198 88.182 -113.365 112.021
0.379144 -0.217082 0.452197 88.2481 -114.307 111.948
0.37914 -0.217087 0.452196 88.3201 -115.426 111.868
0.379139 -0.21709 0.452196 88.346 -115.856 111.839
0.379138 -0.217094 0.452197 88.3748 -116.348 111.806
0.379137 -0.217095 0.452197 88.3881 -116.583 111.791
0.379137 -0.217095 0.452197 88.4084 -116.947 111.768
0.379137 -0.217095 0.452197 88.418 -117.125 111.758
0.379137 -0.217095 0.452197 88.4309 -117.366 111.743
0.379137 -0.217095 0.452197 88.4408 -117.554 111.732
0.379137 -0.217095 0.452197 88.4577 -117.883 111.713
0.379137 -0.217095 0.452197 88.4722 -118.17 111.696
0.379137 -0.217095 0.452197 88.4777 -118.281 111.69
0.379138 -0.217095 0.452197 88.4806 -118.341 111.687
0.379138 -0.217095 0.452397 88.4828 -118.384 111.684
0.379138 -0.217095 0.452991 88.4831 -118.391 111.684
0.379137 -0.217095 0.453981 88.4833 -118.394 111.684
0.379137 -0.217095 0.455221 88.4833 -118.395 111.684
0.379138 -0.217094 0.456596 88.4834 -118.395 111.684
0.379137 -0.217095 0.458038 88.4833 -118.396 111.684
0.379137 -0.217095 0.460187 88.4833 -118.396 111.684
0.379137 -0.217095 0.461892 88.5043 -118.395 111.66
0.379137 -0.217095 0.463171 88.6696 -118.393 111.472
0.379137 -0.217096 0.463675 88.847 -118.391 111.27
0.379137 -0.217096 0.464271 89.2679 -118.387 110.792
0.379137 -0.217095 0.46475 89.4382 -118.386 110.598
0.379137 -0.217095 0.465354 89.5391 -118.386 110.483
0.379137 -0.217095 0.466032 89.5919 -118.386 110.423
0.379137 -0.217096 0.466748 89.6177 -118.386 110.394
0.379137 -0.217094 0.467483 89.6298 -118.386 110.38
0.379136 -0.217097 0.468964 89.6382 -118.417 110.371
0.379136 -0.217096 0.469868 89.642 -118.615 110.366
0.379136 -0.217096 0.470042 89.6446 -118.825 110.363
0.379136 -0.217096 0.470127 89.6479 -119.109 110.36
0.379134 -0.217098 0.470167 89.6514 -119.438 110.355
0.379134 -0.217099 0.470185 89.6551 -119.79 110.351
0.379134 -0.2171 0.470195 89.6608 -120.338 110.344
0.379134 -0.2171 0.470195 89.6642 -120.681 110.34
0.379133 -0.2171 0.470196 89.6672 -120.985 110.337
0.379133 -0.2171 0.470196 89.6699 -121.264 110.333
0.379133 -0.2171 0.470196 89.6734 -121.645 110.329
0.379133 -0.2171 0.470196 89.676 -121.925 110.326
0.379133 -0.2171 0.470196 89.6769 -122.03 110.325
0.379133 -0.2171 0.470196 89.6775 -122.086 110.325
0.379133 -0.2171 0.470196 89.6777 -122.113 110.324
0.379133 -0.2171 0.470196 89.6778 -122.126 110.324
0.379133 -0.2171 0.470196 89.6779 -122.132 110.324
0.379133 -0.2171 0.470196 89.6779 -122.135 110.324
0.379133 -0.2171 0.470196 89.6779 -122.136 110.324
0.379133 -0.2171 0.470196 89.6779 -122.136 110.324
0.379133 -0.2171 0.470196 89.6779 -122.137 110.324
0.379133 -0.2171 0.470196 89.678 -122.148 110.324
0.379133 -0.2171 0.470196 89.6795 -122.316 110.322
0.379133 -0.2171 0.470196 89.6813 -122.52 110.32
0.379133 -0.2171 0.470196 89.6862 -123.094 110.314
0.379133 -0.2171 0.470196 89.6891 -123.441 110.311
0.379133 -0.2171 0.470196 89.6902 -123.57 110.309
0.379133 -0.2171 0.470196 89.6907 -123.638 110.309
0.379133 -0.2171 0.470196 89.691 -123.671 110.308
0.379133 -0.217101 0.470206 89.6911 -123.691 110.308
0.379133 -0.2171 0.471001 89.6912 -123.698 110.308
0.379133 -0.2171 0.472171 89.6912 -123.699 110.308
0.379133 -0.2171 0.473826 89.6912 -123.699 110.308
0.379133 -0.2171 0.475776 89.6912 -123.699 110.308
0.379133 -0.217102 0.478902 89.6912 -123.699 110.308
0.379133 -0.217102 0.480805 89.6912 -123.699 110.308
0.379133 -0.217101 0.483448 89.6912 -123.699 110.308
0.379134 -0.217101 0.485085 89.6912 -123.699 110.308
0.379134 -0.2171 0.486289 89.6916 -123.733 110.308
0.379134 -0.217099 0.486508 89.6923 -123.832 110.307
0.379135 -0.217098 0.486614 89.6937 -123.997 110.306
0.379133 -0.217102 0.486676 89.6961 -124.318 110.302
0.379133 -0.217103 0.486691 89.6981 -124.583 110.299
0.379133 -0.217103 0.486697 89.7005 -124.896 110.297
0.379133 -0.217104 0.4867 89.703 -125.239 110.293
0.379133 -0.217104 0.4867 89.7056 -125.599 110.29
0.379132 -0.217103 0.486701 89.7106 -126.305 110.284
0.379132 -0.217103 0.486701 89.7131 -126.68 110.281
0.379132 -0.217103 0.486701 89.714 -126.815 110.28
0.379132 -0.217103 0.486701 89.7145 -126.886 110.279
0.379132 -0.217103 0.486701 89.7147 -126.921 110.279
0.379132 -0.217103 0.486701 89.7148 -126.937 110.279
0.379132 -0.217103 0.486701 89.7149 -126.944 110.279
0.379132 -0.217103 0.486701 89.7149 -126.948 110.279
0.379132 -0.217103 0.486701 89.7149 -126.949 110.279
0.379132 -0.217103 0.486701 89.7149 -126.95 110.279
0.379132 -0.217103 0.486701 89.7149 -126.95 110.279
0.379132 -0.217103 0.486701 89.7149 -126.95 110.279
0.379132 -0.217103 0.486701 89.7149 -126.95 110.279
0.379132 -0.217103 0.486701 89.7149 -126.95 110.279
0.379132 -0.217103 0.486701 89.7151 -126.983 110.278
0.379132 -0.217103 0.486701 89.7158 -127.082 110.278
0.379132 -0.217103 0.486701 89.7169 -127.247 110.276
0.379132 -0.217103 0.486701 89.7195 -127.65 110.273
0.379132 -0.217103 0.486701 89.7204 -127.791 110.272
0.379132 -0.217103 0.486701 89.7209 -127.872 110.271
0.379132 -0.217103 0.486701 89.7211 -127.913 110.271
0.379132 -0.217103 0.486701 89.7213 -127.933 110.271
0.379132 -0.217103 0.486701 89.7213 -127.943 110.271
0.379132 -0.217103 0.486701 89.7213 -127.947 110.271
0.379132 -0.217103 0.486701 89.7214 -127.949 110.271
0.379132 -0.217103 0.486701 89.7214 -127.95 110.271
0.379132 -0.217103 0.486701 89.7214 -127.95 110.271
0.379132 -0.217103 0.486701 89.7214 -127.95 110.271
0.379132 -0.217103 0.486701 89.7214 -127.95 110.271
0.379132 -0.217103 0.486701 89.7214 -127.95 110.271
0.379132 -0.217103 0.486701 89.7214 -127.95 110.271
0.379132 -0.217103 0.486701 89.7214 -127.95 110.271
0.379132 -0.217103 0.486701 89.7214 -127.95 110.271
0.379132 -0.217103 0.486701 89.7214 -127.95 110.271
0.379132 -0.217103 0.486701 89.7214 -127.95 110.271
0.379132 -0.217103 0.486701 89.7214 -127.95 110.271
0.379132 -0.217103 0.486701 89.7214 -127.95 110.271
0.379132 -0.217103 0.486701 89.7214 -127.95 110.271
0.379132 -0.217104 0.486701 89.7192 -127.95 110.273
0.379132 -0.217104 0.486701 89.5496 -127.951 110.488
0.379132 -0.217104 0.486701 88.9033 -127.958 111.308
0.379132 -0.217104 0.4867 87.6606 -127.987 112.884
0.379132 -0.217104 0.4867 86.1242 -128.052 114.834
0.379132 -0.217104 0.4867 84.8617 -128.098 116.438
0.379132 -0.217104 0.4867 83.9716 -128.001 117.569
0.379132 -0.217104 0.4867 83.6303 -127.871 118.002
0.379133 -0.217105 0.4867 83.5255 -127.809 118.134
0.379133 -0.217104 0.4867 83.4736 -127.775 118.2
0.379133 -0.217106 0.486699 83.4329 -127.716 118.251
0.379133 -0.217105 0.486699 83.3811 -127.415 118.317
0.379132 -0.217105 0.486699 83.2668 -126.685 118.46
0.379132 -0.217106 0.486699 83.1792 -126.143 118.569
0.379132 -0.217104 0.486699 83.073 -125.508 118.7
0.379131 -0.217106 0.486699 82.9529 -124.817 118.847
0.379131 -0.217107 0.486699 82.8222 -124.099 119.005
0.37913 -0.217107 0.486698 82.6828 -123.367 119.173
0.37913 -0.217107 0.486698 82.5352 -122.628 119.349
0.37913 -0.217108 0.486698 82.3797 -121.887 119.532
0.379129 -0.217108 0.486698 82.216 -121.144 119.724
0.379129 -0.217108 0.486698 82.0435 -120.402 119.925
0.379129 -0.217109 0.486698 81.8619 -119.659 120.135
0.379129 -0.217109 0.486699 81.6705 -118.917 120.354
0.379128 -0.217109 0.486699 81.4683 -118.175 120.584
0.379128 -0.21711 0.4867 81.2547 -117.433 120.825
0.379127 -0.21711 0.4867 81.0286 -116.692 121.079
0.379127 -0.21711 0.4867 80.789 -115.952 121.346
0.379127 -0.217111 0.486699 80.5347 -115.211 121.628
0.379127 -0.217111 0.486699 80.2645 -114.472 121.926
0.379126 -0.217112 0.486699 79.9769 -113.733 122.241
0.379126 -0.217112 0.486699 79.6701 -112.995 122.575
0.379126 -0.217112 0.486699 79.3423 -112.257 122.93
0.379125 -0.217112 0.486699 78.9913 -111.52 123.308
0.379125 -0.217113 0.486699 78.6149 -110.784 123.712
0.379124 -0.217113 0.486699 78.2101 -110.049 124.144
0.379124 -0.217113 0.486699 77.7739 -109.316 124.607
0.379124 -0.217114 0.486699 77.3025 -108.583 125.105
0.379124 -0.217114 0.486699 76.7916 -107.852 125.643
0.379124 -0.217115 0.486699 76.2364 -107.123 126.225
0.379123 -0.217116 0.486699 75.631 -106.395 126.857
0.379123 -0.217116 0.486699 74.9686 -105.67 127.546
0.379123 -0.217117 0.486699 74.2409 -104.946 128.301
0.379122 -0.217117 0.486698 73.4386 -104.226 129.13
0.379122 -0.217117 0.48663 72.069 -103.151 130.539
0.379122 -0.217117 0.486084 70.4541 -102.086 132.194
0.379122 -0.217118 0.484822 68.4723 -101.036 134.217
0.379122 -0.217118 0.482953 65.672 -100.034 137.065
0.379122 -0.217116 0.480473 61.9137 -99.0908 140.876
0.379122 -0.217117 0.4785 58.6985 -98.5109 144.129
0.379122 -0.217116 0.474201 50.3255 -97.5068 152.584
0.379122 -0.217116 0.469934 40.6455 -96.7229 162.339
0.379123 -0.217114 0.466243 29.1341 -96.1431 173.923
0.379123 -0.217115 0.462328 -165.025 -84.0826 8.1592
0.379122 -0.217116 0.459521 -179.607 -83.8583 22.8219
0.379122 -0.217116 0.458251 167.579 -83.4096 35.7146
0.379122 -0.217116 0.45791 158.184 -82.9537 45.1763
0.379122 -0.217117 0.457837 150.969 -82.4874 52.4503
0.379123 -0.217116 0.457823 145.271 -81.999 58.2001
0.379122 -0.217116 0.457819 138.495 -81.2116 65.0494
0.379123 -0.217117 0.457818 134.525 -80.6084 69.0698
0.379123 -0.217117 0.457817 132.942 -80.3793 70.6754
0.379123 -0.217119 0.457817 131.286 -80.5111 72.3542
0.379123 -0.217118 0.457817 128.983 -80.8077 74.6879
0.379123 -0.217118 0.457817 128.264 -81.064 75.416
0.379122 -0.217118 0.457817 129.992 -81.4975 73.6683
0.379122 -0.217118 0.457816 133.058 -82.0188 70.5701
0.379122 -0.217118 0.457817 139.786 -82.8749 63.7835
0.379123 -0.217117 0.457818 146.823 -83.5031 56.6968
0.379133 -0.217116 0.457818 151.058 -83.7874 52.4362
0.379716 -0.217108 0.457819 152.573 -83.8408 50.9123
0.380967 -0.216512 0.457819 153.723 -83.681 49.7551
0.382409 -0.215083 0.457818 155.633 -83.2369 47.8331
0.383897 -0.212652 0.457818 158.193 -82.4885 45.253
0.385385 -0.209977 0.457817 161.148 -81.3572 42.2682
0.38629 -0.208186 0.457817 163.754 -79.999 39.6276
0.386549 -0.207557 0.457819 165.29 -78.5724 38.065
0.386607 -0.207407 0.457819 165.436 -77.2364 37.9161
0.386619 -0.207375 0.457819 164.386 -76.0569 38.9958
0.386621 -0.20737 0.457819 162.348 -75.0349 41.101
0.386621 -0.207369 0.45782 159.451 -74.1448 44.1059
0.386621 -0.207369 0.45782 157.706 -73.734 45.9219
0.386621 -0.207369 0.457819 155.821 -73.3179 47.8877
0.38662 -0.207369 0.457819 153.897 -72.8855 49.8987
0.38662 -0.207369 0.457819 152.003 -72.4337 51.8834
0.386621 -0.207367 0.457819 150.174 -71.9622 53.8043
0.386619 -0.207369 0.457819 148.427 -71.4722 55.6438
0.386619 -0.20737 0.45782 146.767 -70.9649 57.3972
0.386618 -0.207371 0.45782 145.193 -70.4416 59.0645
0.386617 -0.207373 0.45782 143.703 -69.9038 60.6481
0.386616 -0.207375 0.45782 142.293 -69.3524 62.1522
0.386615 -0.207376 0.45782 140.958 -68.7887 63.5807
0.386614 -0.207379 0.45782 139.695 -68.2136 64.938
0.386614 -0.207378 0.45782 138.499 -67.6279 66.2284
0.386615 -0.207376 0.45782 137.366 -67.0325 67.4562
0.386616 -0.207374 0.45782 136.293 -66.4281 68.6249
0.386617 -0.207372 0.45782 135.275 -65.8153 69.738
0.386618 -0.20737 0.45782 134.31 -65.1949 70.799
0.386619 -0.207368 0.45782 133.394 -64.5674 71.8111
0.386619 -0.207367 0.45782 132.524 -63.9332 72.7773
0.386619 -0.207368 0.457821 131.697 -63.2928 73.7003
0.386619 -0.207366 0.45782 130.91 -62.6468 74.5833
0.38662 -0.207366 0.45782 130.162 -61.9954 75.4283
0.386619 -0.207367 0.457819 129.45 -61.3391 76.2376
0.386618 -0.20737 0.45782 128.771 -60.6781 77.0134
0.386617 -0.207369 0.457819 128.123 -60.0129 77.7582
0.386617 -0.207371 0.457819 127.506 -59.3437 78.4732
0.386615 -0.207374 0.45782 126.917 -58.6706 79.1605
0.386614 -0.207376 0.45782 126.353 -57.9941 79.8218
0.386614 -0.207377 0.45782 125.815 -57.3142 80.4585
0.386613 -0.20738 0.45782 125.301 -56.6312 81.0718
0.386612 -0.207382 0.45782 124.808 -55.9454 81.6634
0.386611 -0.207384 0.45782 124.337 -55.2567 82.2343
0.386609 -0.207387 0.457821 123.886 -54.5655 82.7857
0.386608 -0.207389 0.457821 123.453 -53.8719 83.3187
0.386607 -0.207391 0.457821 123.038 -53.176 83.8342
0.386606 -0.207394 0.457821 122.64 -52.478 84.3333
0.386605 -0.207397 0.457822 122.258 -51.7778 84.8166
0.386603 -0.207399 0.457821 121.892 -51.0758 85.2852
0.386602 -0.207402 0.457822 121.54 -50.372 85.7398
0.386601 -0.207403 0.457822 121.201 -49.6664 86.1812
0.3866 -0.207405 0.457822 120.876 -48.9592 86.6098
0.386599 -0.207408 0.457822 120.563 -48.2505 87.0264
0.386598 -0.20741 0.457822 120.262 -47.5403 87.4317
0.386597 -0.207411 0.457822 119.973 -46.8287 87.8262
0.386596 -0.207413 0.457822 119.694 -46.1158 88.2103
0.386595 -0.207416 0.457822 119.426 -45.4015 88.5844
0.386595 -0.207418 0.457821 119.167 -44.6862 88.9493
0.386594 -0.20742 0.457821 118.918 -43.9696 89.3053
0.386593 -0.207422 0.457821 118.678 -43.2521 89.6528
0.386592 -0.207423 0.457821 118.447 -42.5334 89.9923
0.386592 -0.207425 0.45782 118.224 -41.8138 90.3239
0.386591 -0.207427 0.45782 118.009 -41.0933 90.6482
0.386589 -0.207429 0.457819 117.802 -40.3718 90.9653
0.386588 -0.207431 0.45782 117.602 -39.6496 91.2757
0.386588 -0.207432 0.45782 117.41 -38.9265 91.58
0.386588 -0.207431 0.45782 117.224 -38.2027 91.8783
0.386588 -0.207431 0.45782 117.044 -37.4781 92.1706
0.386588 -0.207432 0.457819 116.871 -36.7528 92.4572
0.386588 -0.207432 0.457819 116.704 -36.0268 92.7385
0.386588 -0.207432 0.457819 116.544 -35.3002 93.0146
0.386588 -0.207433 0.457819 116.388 -34.573 93.2859
0.386589 -0.207431 0.457819 116.238 -33.8452 93.5527
0.38659 -0.207429 0.457819 116.094 -33.1168 93.8151
0.386591 -0.207427 0.457819 115.954 -32.3879 94.0733
0.386592 -0.207425 0.457819 115.82 -31.6584 94.3272
0.386593 -0.207423 0.457819 115.69 -30.9284 94.5771
0.386592 -0.207423 0.457819 115.565 -30.198 94.8229
0.386591 -0.207426 0.457819 115.445 -29.4671 95.0649
0.38659 -0.207428 0.457819 115.328 -28.7358 95.3033
0.386589 -0.207431 0.457819 115.216 -28.0041 95.5384
0.386587 -0.207433 0.457819 115.109 -27.2721 95.7704
0.386586 -0.207434 0.457819 115.005 -26.5396 95.9994
0.386587 -0.207433 0.457819 114.905 -25.8068 96.226
0.386588 -0.207431 0.457818 114.809 -25.0736 96.4498
0.386589 -0.20743 0.457818 114.717 -24.3401 96.6709
0.38659 -0.207427 0.457819 114.628 -23.6062 96.8896
0.386591 -0.207425 0.457819 114.543 -22.8721 97.1058
0.386593 -0.207423 0.457818 114.463 -22.1524 97.3155
0.386593 -0.207421 0.457819 114.383 -21.403 97.5314
0.386593 -0.207421 0.457819 114.308 -20.6681 97.7407
0.386592 -0.207423 0.45782 114.236 -19.9328 97.9477
0.386591 -0.207424 0.45782 114.167 -19.1974 98.1529
0.386591 -0.207425 0.45782 114.101 -18.4617 98.3563
0.386591 -0.207425 0.45782 114.039 -17.7258 98.558
0.38659 -0.207427 0.457821 113.979 -16.9897 98.7579
0.38659 -0.207428 0.457821 113.922 -16.2533 98.9563
0.38659 -0.207429 0.457821 113.868 -15.5168 99.1533
0.386591 -0.207428 0.457821 113.817 -14.7802 99.3491
0.386592 -0.207426 0.457821 113.769 -14.0434 99.5438
0.386592 -0.207424 0.457821 113.723 -13.3064 99.7372
0.386592 -0.207424 0.457821 113.68 -12.5693 99.929
0.386591 -0.207427 0.457821 113.64 -11.8321 100.12
0.38659 -0.207427 0.457821 113.602 -11.0947 100.309
0.38659 -0.207429 0.457821 113.567 -10.3572 100.498
0.386589 -0.20743 0.457821 113.534 -9.61961 100.686
0.386589 -0.20743 0.457821 113.504 -8.8819 100.873
0.38659 -0.207429 0.457821 113.453 -7.43583 101.234
0.38659 -0.207429 0.45782 113.408 -6.18106 101.616
0.38659 -0.207429 0.457821 113.373 -5.27013 101.964
0.386589 -0.207431 0.457821 113.358 -4.86655 102.13
0.386589 -0.207431 0.45782 113.352 -4.68351 102.206
0.38659 -0.207429 0.45782 113.349 -4.50511 102.246
0.386589 -0.207429 0.45782 113.358 -4.16571 102.105
0.386401 -0.207428 0.45782 113.273 -3.61705 101.864
0.385713 -0.207428 0.45782 113.078 -3.12504 101.614
0.384746 -0.207428 0.45782 112.785 -2.64414 101.27
0.384035 -0.207428 0.45782 112.563 -2.36517 101.028
0.382933 -0.207428 0.457821 112.21 -2.0052 100.714
0.382189 -0.207428 0.457821 111.968 -1.80146 100.561
0.381067 -0.207427 0.457821 111.599 -1.5298 100.397
0.379942 -0.207427 0.457821 111.228 -1.25425 100.216
0.378442 -0.207427 0.457821 110.702 -0.767504 99.9221
0.37694 -0.207428 0.45782 110.041 -0.146131 99.5609
0.37543 -0.207428 0.457821 109.41 0.467699 99.2082
0.373335 -0.207428 0.457821 108.867 0.937384 98.8659
0.370785 -0.207427 0.457821 108.356 1.17611 98.695
0.368843 -0.207426 0.457821 107.984 1.2415 98.6486
0.368023 -0.207426 0.457631 107.855 1.25582 98.6383
0.369523 -0.207426 0.456451 107.825 1.2588 98.6363
0.373661 -0.207426 0.453896 107.818 1.26096 98.6366
0.376334 -0.207426 0.452084 107.818 1.28952 98.6457
0.380637 -0.207426 0.448995 107.818 1.3992 98.6791
0.385077 -0.207426 0.44578 107.818 1.57115 98.6711
0.38955 -0.207426 0.44297 107.816 1.78284 98.5976
0.394901 -0.207426 0.439933 107.811 2.08656 98.4569
0.399711 -0.207426 0.437851 107.805 2.46672 98.3184
0.40427 -0.207425 0.436809 107.8 2.81132 98.1988
0.408962 -0.207425 0.43652 107.795 3.11622 98.1035
0.411449 -0.207425 0.436477 107.791 3.27054 98.0373
0.413861 -0.207424 0.436456 107.787 3.42613 97.9638
0.417353 -0.207425 0.436445 107.779 3.66447 97.836
0.419635 -0.207424 0.436442 107.771 3.83686 97.7078
0.4219 -0.207424 0.436441 107.76 4.01975 97.5468
0.424157 -0.207424 0.436441 107.747 4.20881 97.366
0.426411 -0.207424 0.436441 107.732 4.40105 97.1747
0.428662 -0.207424 0.436441 107.717 4.59492 96.9784
0.430914 -0.207423 0.436441 107.701 4.78946 96.7797
0.433164 -0.207424 0.436441 107.684 4.98431 96.5795
0.435415 -0.207423 0.436441 107.666 5.17925 96.3789
0.437665 -0.207424 0.436441 107.647 5.3742 96.1778
0.44104 -0.207423 0.43644 107.618 5.66699 95.8744
0.443291 -0.207423 0.436441 107.595 5.87085 95.6441
0.445541 -0.207423 0.436441 107.567 6.08644 95.3762
0.447791 -0.207423 0.43644 107.535 6.30993 95.0822
0.450041 -0.207423 0.436441 107.501 6.5378 94.7738
0.452292 -0.207423 0.436441 107.464 6.76767 94.4578
0.456792 -0.207422 0.436431 107.382 7.23896 93.7861
0.460168 -0.207421 0.436069 107.306 7.61913 93.1931
0.464658 -0.207231 0.434935 107.201 8.11605 92.4286
0.468564 -0.20623 0.433521 107.1 8.55686 91.7338
0.47104 -0.204853 0.432401 107.02 8.79382 91.2043
0.474127 -0.202269 0.430502 106.908 9.04236 90.4845
0.477145 -0.199957 0.428753 106.798 9.25657 89.7909
0.480148 -0.198215 0.427185 106.717 9.40651 89.2906
0.483149 -0.196472 0.42567 106.656 9.51638 88.9197
0.485399 -0.19465 0.424532 106.611 9.59641 88.6481
0.486899 -0.19327 0.423602 106.576 9.65853 88.4368
0.489139 -0.191093 0.421789 106.518 9.75922 88.0929
0.491546 -0.188119 0.41916 106.436 9.89829 87.6156
0.493305 -0.185314 0.417188 106.369 10.0106 87.2282
0.494674 -0.183494 0.415581 106.336 10.0653 87.0392
0.495018 -0.183073 0.414993 106.33 10.0753 87.0043
0.495196 -0.182859 0.41465 106.327 10.0801 86.9875
0.495323 -0.182509 0.414385 106.325 10.0834 86.9761
0.495347 -0.181365 0.414335 106.325 10.084 86.974
0.495352 -0.179924 0.414323 106.325 10.0842 86.9734
0.495355 -0.178097 0.414317 106.325 10.0842 86.9732
0.495356 -0.176053 0.414314 106.325 10.0842 86.9731
0.495356 -0.1739 0.414313 106.325 10.0842 86.9731
0.495356 -0.170582 0.414312 106.327 10.081 86.984
0.495356 -0.168345 0.414312 106.336 10.0668 87.0332
0.495355 -0.1661 0.414311 106.35 10.043 87.1153
0.495355 -0.163852 0.414311 106.368 10.0135 87.2173
0.495355 -0.161603 0.414311 106.387 9.98104 87.3295
0.495355 -0.159398 0.414311 106.407 9.94769 87.4446
0.495355 -0.157103 0.414311 106.428 9.91226 87.5667
0.495354 -0.154855 0.41431 106.449 9.87713 87.6873
0.495354 -0.151478 0.41431 106.48 9.8246 87.8679
0.495354 -0.149227 0.41431 106.496 9.79763 87.9604
0.495354 -0.146977 0.414311 106.505 9.78177 88.0147
0.495354 -0.144726 0.414311 106.51 9.7735 88.043
0.495355 -0.142476 0.414312 106.512 9.76948 88.0568
0.495355 -0.140226 0.414312 106.513 9.76756 88.0632
0.495354 -0.137976 0.414311 106.513 9.76667 88.0661
0.495354 -0.135726 0.414312 106.514 9.7663 88.0674
0.495354 -0.132351 0.414243 106.514 9.76611 88.0681
0.495355 -0.1301 0.41394 106.514 9.76606 88.0683
0.495355 -0.12785 0.413434 106.514 9.76604 88.0684
0.495355 -0.1256 0.412807 106.514 9.76603 88.0684
0.495354 -0.123349 0.412116 106.514 9.76602 88.0684
0.495354 -0.1211 0.411393 106.514 9.76602 88.0683
0.495354 -0.11885 0.410655 106.514 9.76601 88.0683
0.495353 -0.115543 0.409537 106.514 9.76603 88.0682
0.495354 -0.113597 0.408788 106.514 9.766 88.0681
0.495354 -0.111852 0.408038 106.514 9.766 88.0681
0.495354 -0.110229 0.407289 106.514 9.76602 88.0681
0.495353 -0.10867 0.406539 106.514 9.76604 88.0681
0.495354 -0.107144 0.405789 106.514 9.76607 88.068
0.495354 -0.105631 0.40504 106.514 9.76611 88.0681
0.495354 -0.104126 0.40429 106.514 9.7661 88.068
0.495354 -0.102624 0.40354 106.514 9.76612 88.0679
0.495354 -0.101122 0.40279 106.514 9.76613 88.068
0.495354 -0.0986904 0.401574 106.515 9.78074 88.0725
0.495354 -0.0973687 0.400914 106.517 9.8255 88.0861
0.495354 -0.095868 0.400164 106.521 9.90627 88.1105
0.495354 -0.0943672 0.399413 106.526 10.0065 88.1407
0.495354 -0.0928673 0.398663 106.532 10.117 88.174
0.495354 -0.0913671 0.397914 106.538 10.2326 88.2089
0.495354 -0.0898668 0.397163 106.545 10.3505 88.2444
0.495354 -0.0883659 0.396413 106.551 10.4694 88.2804
0.495354 -0.0868967 0.395679 106.558 10.5865 88.3157
0.495354 -0.0853661 0.394915 106.565 10.7086 88.3527
0.495354 -0.0838654 0.394165 106.571 10.8283 88.389
0.495354 -0.0816178 0.39305 106.582 11.008 88.4432
0.495364 -0.0793778 0.392286 106.592 11.1877 88.4977
0.495768 -0.0771608 0.391918 106.606 11.4257 88.5701
0.496049 -0.0764976 0.391843 106.614 11.5477 88.6073
0.496668 -0.0762659 0.39182 106.617 11.5999 88.6231
0.497941 -0.0761809 0.391813 106.626 11.7467 88.6679
0.49938 -0.0761643 0.391811 106.657 12.2323 88.8163
0.500464 -0.0761591 0.391811 106.711 13.0374 89.0638
0.501702 -0.0761594 0.391811 106.773 13.8955 89.3291
0.502541 -0.0761486 0.391812 106.841 14.7756 89.6035
0.502786 -0.075745 0.391812 106.905 15.5611 89.8503
0.502841 -0.0754963 0.391811 106.958 16.1695 90.0427
0.502849 -0.0754507 0.391811 106.973 16.3443 90.0983
0.502853 -0.075429 0.391811 106.982 16.4404 90.1288
0.502855 -0.0752148 0.391812 106.988 16.5118 90.1515
0.502855 -0.0736356 0.391812 106.993 16.5574 90.1663
0.502855 -0.0716132 0.391811 107.01 16.7469 90.2269
0.502855 -0.0703373 0.391811 107.029 16.9504 90.2919
0.502855 -0.0687756 0.391811 107.039 17.0524 90.3247
0.502855 -0.0672626 0.39181 107.015 16.8031 90.245
0.502854 -0.0659498 0.391809 106.956 16.1396 90.0336
0.502854 -0.0656134 0.391809 106.916 15.6843 89.8895
0.502854 -0.0654387 0.39181 106.872 15.1642 89.7256
0.502854 -0.0653533 0.39181 106.827 14.605 89.5504
0.502854 -0.0653128 0.39181 106.783 14.0252 89.3697
0.502854 -0.0652944 0.39181 106.739 13.4351 89.1868
0.502854 -0.0652853 0.391809 106.698 12.8402 89.0035
0.502854 -0.0652846 0.391808 106.658 12.243 88.8198
0.502854 -0.0652849 0.391808 106.62 11.6447 88.6369
0.502854 -0.065284 0.391807 106.584 11.0459 88.4548
0.502854 -0.0652827 0.391808 106.551 10.4468 88.2735
0.502854 -0.0652806 0.391808 106.519 9.84747 88.093
0.502854 -0.0652796 0.391808 106.489 9.24802 87.913
0.502854 -0.0652784 0.391807 106.461 8.64849 87.7336
0.502854 -0.0652768 0.391808 106.435 8.04888 87.5549
0.502854 -0.0652754 0.391809 106.411 7.44916 87.3766
0.502854 -0.0652751 0.391809 106.388 6.8494 87.1988
0.502853 -0.0652794 0.391809 106.368 6.24957 87.0208
0.502853 -0.065284 0.391809 106.35 5.64967 86.8432
0.502852 -0.0652875 0.391809 106.333 5.04973 86.6662
0.502851 -0.0652917 0.39181 106.319 4.44973 86.4893
0.502851 -0.0652948 0.391809 106.301 3.56057 86.2282
0.502851 -0.0652951 0.391809 106.291 3.00905 86.0666
0.502851 -0.0652951 0.391809 106.284 2.48985 85.9148
0.502851 -0.0652935 0.391809 106.278 1.99014 85.7689
0.502851 -0.0652944 0.39181 106.271 1.04831 85.4937
0.502852 -0.0652945 0.39181 106.268 0.37085 85.296
0.502852 -0.0652944 0.391811 106.268 0.183908 85.2415
0.502852 -0.0652944 0.39181 106.268 0.0821007 85.2118
0.502852 -0.0652936 0.39181 106.268 0.0311286 85.197
0.502852 -0.0652927 0.39181 106.268 0.00685209 85.19
0.502852 -0.0652938 0.39181 106.268 -0.00432672 85.1866
0.502852 -0.0652904 0.39181 106.268 -0.00935945 85.1855
0.502852 -0.0652904 0.39181 106.268 -0.0115597 85.1849
0.502852 -0.0652904 0.39181 106.268 -0.0125103 85.1846
0.502852 -0.0652904 0.39181 106.268 -0.0129234 85.1845
0.502852 -0.0652904 0.39181 106.268 -0.0131004 85.1844
0.502852 -0.0652904 0.39181 106.268 -0.0131004 85.1844
0.502852 -0.0652906 0.39181 106.235 -0.0131455 85.1844
0.502842 -0.0652916 0.391811 105.939 -0.0131778 85.1843
0.502258 -0.0652912 0.391811 105.307 -0.0132007 85.1843
0.501719 -0.0652914 0.391811 104.662 -0.013191 85.1843
0.501533 -0.065291 0.391811 104.219 -0.0131881 85.1843
0.501409 -0.0652909 0.391811 103.602 -0.0131831 85.1844
0.501362 -0.0652912 0.391811 102.96 -0.0131766 85.1843
0.501356 -0.0652916 0.391811 102.776 -0.0131975 85.1843
0.501353 -0.0652912 0.39181 102.675 -0.013248 85.1843
0.501352 -0.0652914 0.39181 102.624 -0.0132768 85.1843
0.501352 -0.0652903 0.39181 102.6 -0.01329 85.1844
0.501352 -0.0652891 0.39181 102.584 -0.0132784 85.1846
0.50134 -0.0652888 0.391809 102.449 -0.0132625 85.1846
0.500736 -0.0652893 0.391808 102.045 -0.0132715 85.1845
0.499476 -0.0652895 0.391809 101.57 -0.0132547 85.1845
0.498278 -0.0652898 0.391808 101.171 -0.0132654 85.1845
0.496927 -0.0652903 0.391808 100.725 -0.0132416 85.1844
0.495498 -0.0652875 0.391809 100.251 -0.0132599 85.1847
0.493289 -0.0652873 0.391809 99.518 -0.0132527 85.1848
0.490503 -0.0652869 0.391809 98.6223 -0.0132522 85.1848
0.489089 -0.0652871 0.39181 97.8632 -0.0132427 85.1848
0.488755 -0.0652886 0.391811 97.4785 -0.0132348 85.1846
0.488631 -0.0650889 0.391812 97.2689 -0.0132546 85.1846
0.488606 -0.0634938 0.391813 97.2173 -0.00930194 85.1534
0.488602 -0.0602751 0.391813 97.2064 0.0153516 84.9581
0.488601 -0.0555356 0.391623 97.204 0.0647924 84.5669
0.488602 -0.0504635 0.390644 97.2028 0.120372 84.1272
0.488602 -0.0457756 0.389685 97.202 0.161733 83.8
0.488602 -0.0412317 0.389044 97.2012 0.191614 83.5635
0.488602 -0.0369221 0.388452 97.2009 0.202815 83.4749
0.488602 -0.0341834 0.388161 97.2008 0.205505 83.4534
0.488602 -0.0325143 0.388085 97.2008 0.206058 83.4489
0.488612 -0.0308573 0.388069 97.2008 0.206173 83.4481
0.489396 -0.030228 0.388056 97.2008 0.206209 83.4479
0.491815 -0.0300733 0.387471 97.2009 0.206204 83.448
0.495803 -0.0300408 0.386826 97.2008 0.206164 83.4481
0.498177 -0.0300354 0.386691 97.2008 0.206143 83.4482
0.502653 -0.0300328 0.386592 97.2009 0.206172 83.4482
0.504956 -0.0300328 0.386573 97.2009 0.206174 83.4481
0.505783 -0.0300323 0.386569 97.2009 0.206154 83.4482
0.506215 -0.0300324 0.386567 97.2009 0.206129 83.4482
0.506494 -0.0300339 0.386566 97.2009 0.206126 83.448
0.506741 -0.0300339 0.386566 97.2009 0.206121 83.448
0.507535 -0.0300335 0.386566 97.2009 0.206099 83.448
0.509672 -0.0300334 0.386376 97.2009 0.206104 83.448
0.511431 -0.0300328 0.385689 97.2009 0.206108 83.4481
0.51367 -0.0300312 0.384379 97.201 0.206121 83.4483
0.515011 -0.0300313 0.38365 97.201 0.206102 83.4483
0.515824 -0.0300295 0.383095 97.201 0.206093 83.4485
0.516005 -0.0300296 0.381905 97.2009 0.206114 83.4485
0.51605 -0.0300299 0.380451 97.2009 0.20613 83.4484
0.51607 -0.03003 0.378618 97.2009 0.206161 83.4484
0.516079 -0.0300298 0.376572 97.201 0.206175 83.4485
0.516084 -0.0300305 0.373329 97.201 0.206183 83.4484
0.516086 -0.0300315 0.369663 97.201 0.206196 83.4483
0.516086 -0.0300319 0.368589 97.2009 0.20622 83.4482
0.516087 -0.0300317 0.367996 97.201 0.206216 83.4482
0.516087 -0.0300317 0.367698 97.2009 0.20622 83.4482
0.516087 -0.0300315 0.367555 97.2009 0.206216 83.4483
0.516088 -0.0300331 0.367488 97.2009 0.20631 83.4481
0.516088 -0.0300291 0.367459 97.2009 0.206286 83.4485
0.516088 -0.0300321 0.367446 97.2009 0.20627 83.4482
0.516087 -0.0300333 0.367439 97.201 0.206281 83.4481
0.516088 -0.0300339 0.367438 97.2008 0.206251 83.448
0.516089 -0.0300343 0.367438 97.2007 0.206231 83.448
0.516089 -0.0300344 0.367437 97.2007 0.206221 83.448
0.516089 -0.0300344 0.367437 97.2007 0.206217 83.448
0.516089 -0.0300344 0.367437 97.2007 0.206217 83.448
0.516089 -0.0300344 0.367437 97.2007 0.206217 83.448
0.516089 -0.0300344 0.367437 97.2007 0.206217 83.448
0.516089 -0.0300344 0.367437 97.2007 0.206217 83.448
0.516089 -0.0300344 0.367437 97.2007 0.206217 83.448
0.516089 -0.0300344 0.367437 97.2007 0.206217 83.448
0.516089 -0.0300344 0.367437 97.2007 0.206217 83.448
0.516089 -0.0300344 0.367437 97.2007 0.206217 83.448
0.516089 -0.0300344 0.367437 97.2007 0.206217 83.448
0.516089 -0.0300344 0.367437 97.2007 0.206217 83.448
0.516089 -0.0300344 0.367437 97.2007 0.206217 83.448
0.516089 -0.0300344 0.367437 97.2007 0.206217 83.448
0.516089 -0.0300344 0.367437 97.2007 0.206217 83.448
0.516089 -0.0300344 0.367437 97.2007 0.206217 83.448
0.516089 -0.0300344 0.367437 97.2007 0.206217 83.448
0.516089 -0.0300344 0.367437 97.2007 0.206217 83.448
0.516089 -0.0300344 0.367437 97.2007 0.206217 83.448
0.516089 -0.0300344 0.367437 97.2007 0.206217 83.448
0.516089 -0.0300344 0.367437 97.2007 0.206217 83.448
0.516089 -0.0300344 0.367437 97.2007 0.206217 83.448
0.516089 -0.0300344 0.367437 97.2007 0.206217 83.448
0.516089 -0.0300344 0.367437 97.2007 0.206217 83.448
0.516089 -0.0300344 0.367437 97.2007 0.206217 83.448
0.516089 -0.0300344 0.367437 97.2007 0.206217 83.448
0.516089 -0.0300344 0.367437 97.2007 0.206217 83.448
0.516089 -0.0300344 0.367437 97.2007 0.206217 83.448
0.516089 -0.0300344 0.367437 97.2007 0.206217 83.448
0.516089 -0.0300344 0.367437 97.2007 0.206217 83.448
0.516089 -0.0300344 0.367437 97.2007 0.206217 83.448
0.516089 -0.0300344 0.367437 97.2007 0.206217 83.448
0.516089 -0.0300344 0.367437 97.2007 0.206217 83.448
0.516089 -0.0300344 0.367437 97.2007 0.206217 83.448
0.516089 -0.0300344 0.367437 97.2007 0.206217 83.448
0.516089 -0.0300344 0.367437 97.2007 0.206217 83.448
0.516089 -0.0300344 0.367437 97.2007 0.206217 83.448
0.516089 -0.0300344 0.367437 97.2007 0.206217 83.448
0.516089 -0.0300344 0.367437 97.2007 0.206217 83.448
0.516089 -0.0300344 0.367437 97.2007 0.206217 83.448
0.516089 -0.0300344 0.367437 97.2007 0.206217 83.448
0.516089 -0.0300344 0.367437 97.2007 0.206217 83.448
0.516089 -0.0300344 0.367437 97.2007 0.206217 83.448
0.516089 -0.0300344 0.367437 97.2007 0.206217 83.448
0.516089 -0.0300344 0.367437 97.2007 0.206217 83.448
0.516089 -0.0300344 0.367437 97.2007 0.206217 83.448
0.516089 -0.0300344 0.367437 97.2007 0.206217 83.448
0.516089 -0.0300344 0.367437 97.2007 0.206217 83.448
0.516089 -0.0300344 0.367437 97.2007 0.206217 83.448
0.516089 -0.0300344 0.367437 97.2007 0.206217 83.448
0.516089 -0.0300344 0.367437 97.2007 0.206217 83.448
0.516089 -0.0300344 0.367437 97.2007 0.206217 83.448
0.516089 -0.0300344 0.367437 97.2007 0.206217 83.448
0.516089 -0.0300344 0.367437 97.2007 0.206217 83.448
0.516089 -0.0300344 0.367437 97.2007 0.206217 83.448
0.516089 -0.0300344 0.367437 97.2007 0.206217 83.448
0.516089 -0.0300344 0.367437 97.2007 0.206217 83.448
0.516089 -0.0300344 0.367437 97.2007 0.206217 83.448
0.516089 -0.0300344 0.367437 97.2007 0.206217 83.448
0.516089 -0.0300344 0.367437 97.2007 0.206217 83.448
0.516089 -0.0300344 0.367437 97.2007 0.206217 83.448
0.516089 -0.0300344 0.367437 97.2007 0.206217 83.448
0.516089 -0.0300344 0.367437 97.2007 0.206217 83.448
0.516089 -0.0300344 0.367437 97.2007 0.206217 83.448
0.516089 -0.0300344 0.367437 97.2007 0.206217 83.448
0.516089 -0.0300344 0.367437 97.2007 0.206217 83.448
0.516089 -0.0300344 0.367437 97.2007 0.206217 83.448
0.516089 -0.0300344 0.367437 97.2007 0.206217 83.448
0.516089 -0.0300344 0.367437 97.2007 0.206217 83.448
0.516089 -0.0300344 0.367437 97.2007 0.206217 83.448
0.516089 -0.0300344 0.367437 97.2007 0.206217 83.448
0.516089 -0.0300344 0.367437 97.2007 0.206217 83.448
0.516089 -0.0300344 0.367437 97.2007 0.206217 83.448
0.516089 -0.0300344 0.367437 97.2007 0.206217 83.448
0.516089 -0.0300344 0.367437 97.2007 0.206217 83.448
0.516089 -0.0300344 0.367437 97.2007 0.206217 83.448
